1	120.8	-4.8	-69	6	-70.2				
2	122.3	-3.2	-36	10	-37.3				
3	126.6	-4.5	-62	5	-64.3				
4	127.5	-4.9	-52	2	-54.5				
5	128.6	-4.7	-72	8	-74.7				
6	129.6	-4.3	-100	2	-102.9				
7	129.7	-3.5	-36	10	-38.8				
8	130.9	-4.5	-35	10	-38.1				
9	131.2	-4.9	-82	2	-85.2				
10	133.1	-4.5	-38	4	-41.6				
12	135.1	-4.3	-64	10	-67.9				
13	136.3	-4.1	-35	5	-39.1				
14	133.6	-3.7	-25	3	-28.6				
15	137.1	-3.8	-38	8	-42.2				
16	137.4	-3.5	-35	4	-39.2				
17	160.5	-4.6	-38	10	-46.2				
18	160.8	-4.6	-58	7	-66.3				
19	162.2	-4.6	-14	4	-22.5				
20	161.9	-3.4	51	8	42.7				
21	162.1	-3.3	-6	7	-14.3				
22	171.6	-3.4	49	9	39.5				
23	161.8	4	34	12	26.7				
24	176.9	-3.9	0	2	-10.2				
25	168.9	4	-1	11	-9.3				
26	169.2	4.1	-16	9	-24.3				
27	190.6	-4.9	45	9	33.6				
28	193.3	-4.9	70	11	58.5				
29	192	-4.1	33	12	21.6				
30	179.1	3.1	14	2	4.5				
31	178.3	3.9	-12	14	-21.3				
32	180.1	3.8	35	9	25.5				
33	181.3	3.3	33	2	23.3				
34	181.3	3.6	40	13	30.4				
35	197.1	-4.4	59	9	47.4				
36	199.9	-4.6	51	9	39.3				
37	200.1	-4.6	53	13	41.3				
38	201	-4.1	64	13	52.3				
39	202.5	-4.7	43	7	31.2				
40	202.8	-4.7	36	13	24.2				
41	200.1	-3.2	28	9	16.4				
42	200.5	-3	96	3	84.4				
44	203.2	-3.9	34	5	22.3				
45	204.6	-4.6	27	9	15.2				
46	187.2	4.8	47	8	37.1				
47	204.2	-4.1	49	10	37.2				
48	203.8	-3.6	66	9	54.3				
49	204	-3.1	71	7	59.4				
51	196.8	3.4	38	9	27.4				
52	195.2	4.5	76	11	65.6				
54	204.8	4.6	87	6	76.3				
55	208.1	3	77	9	66.1				
56	206.8	3.7	101	13	90.2				
57	204.9	4.8	83	10	72.4				
58	205.2	4.7	99	11	88.3				
60	208.7	3.8	92	11	81.2				
65	62.1	4.2	-63	11	-53.2				
66	62.4	4.3	-107	10	-97.2				
68	63.4	4.1	-145	6	-135.3				
69	64.9	4.8	-76	6	-66.4					    		
76	66.8	4.1	-58	9	-48.7				
78	68.5	4.5	-82	8	-72.9				
79	68.7	4.2	-128	10	-119				
82	71.9	3.9	-70	11	-61.4				
85	76.6	4.4	-76	5	-68				
88	77.9	-4.7	-72	11	-65.4				
89	79.1	-4.9	-65	17	-58.6				
91	92.3	-4.7	-93	6	-88.8				
92	94.6	-4.9	-77	8	-73.2				
93	96.5	-3.8	-80	6	-76.4				
94	96.5	-4.1	-66	2	-62.4				
96	97.3	-4.6	-55	5	-51.7				
97	98.4	-4.5	-74	4	-70.8				
98	99.4	-3.1	-36	6	-32.8				
99	99.2	-3.6	-82	6	-78.9				
102	105.8	-3.8	-56	13	-54				
