40.9	-13.1	7.21	7.10	-14.8
30.9	-11.6	8.98	8.84	1.1
35.6	-2.3	11.39	11.39	10.5
36.0	-3.1	10.00	10.00	1.9
49.2	6.4	7.96	7.74	-17.4
44.3	0.9	9.76	9.60	-7.0
38.5	-3.1	10.80	10.72	13.1
34.2	-2.1	11.41	11.29	11.5
28.2	-7.1	9.83	9.74	7.9
43.9	-2.6	11.25	11.17	3.1
335.2	-3.7	12.94	13.04	-82.2
166.8	4.3	11.46	11.27	8.5
183.1	8.9	8.28	8.07	21.0
165.8	-1.3	11.26	11.27	-23.3
164.7	2.1	12.25	12.19	-3.5
232.0	-3.8	12.63	12.61	50.0
226.0	0.3	10.53	10.38	32.9
231.2	-1.1	11.43	11.25	24.6
239.2	-4.2	12.75	12.77	73.1
227.2	-2.4	11.78	11.67	39.0
229.2	0.1	12.25	12.18	66.5
239.9	-4.4	10.66	10.40	40.1
144.9	3.8	11.45	11.50	-26.5
145.9	4.7	9.87	9.77	-36.2
283.2	-7.0	8.39	8.68	3.6
289.1	0.1	11.24	11.42	1.7
275.3	-12.3	10.34	10.25	13.9
285.7	-0.3	10.74	10.45	-14.5
286.7	1.3	11.32	11.14	-11.4
285.6	-1.8	11.61	11.39	-14.4
284.8	0.2	10.84	10.61	8.1
287.2	-3.2	11.67	11.53	4.0
287.3	-2.3	11.81	11.70	-20.9
288.2	0.0	11.98	11.74	-13.0
289.2	-1.2	13.50	13.55	-14.7
291.3	-4.9	13.21	13.18	-10.9
291.4	-3.9	12.27	12.27	-5.6
290.3	-0.8	11.90	11.99	1.5
285.6	-1.4	12.53	12.54	1.0
285.8	-3.3	12.22	12.22	2.1
289.4	-1.6	13.31	13.17	6.9
289.4	-1.6	13.72	13.59	-3.8
283.6	-1.3	12.36	12.23	9.0
286.2	-1.7	13.97	13.79	20.6
285.7	-0.4	13.77	13.79	25.3
288.6	0.2	13.99	13.84	10.8
289.5	-0.9	11.68	11.45	8.6
288.8	-1.0	13.24	13.07	-1.3
290.1	1.5	10.10	10.05	-19.0
286.9	0.6	14.13	14.18	-14.5
288.4	-1.3	13.83	13.65	14.0
287.8	0.7	13.45	13.52	13.2
288.7	-0.4	14.32	14.47	29.9
289.9	-1.0	13.60	13.50	39.7
289.6	-0.1	13.14	12.90	-13.0
290.5	-2.1	13.22	13.22	-10.8
290.9	-0.4	13.42	13.32	-3.1
291.1	0.6	12.59	12.58	-7.3
288.4	0.3	13.10	12.82	-1.6
290.3	2.5	10.96	10.75	-20.6
289.2	-1.8	13.56	13.29	32.1
284.7	-1.9	11.95	11.72	-8.5
285.3	-1.8	13.45	13.26	5.9
289.1	-0.8	13.53	13.34	3.8
289.3	-0.9	13.96	13.99	39.3
291.5	-1.1	10.95	10.91	-14.9
114.5	0.8	10.83	10.69	-24.5
129.0	-4.6	12.47	12.57	-71.3
115.3	-3.3	12.36	12.36	-70.5
133.5	8.5	7.31	6.95	-7.0
109.7	-1.6	11.61	11.46	-38.0
118.2	-4.1	11.54	11.33	-47.1
134.8	-1.2	12.15	12.12	-45.9
125.5	-1.6	12.88	12.72	-51.0
130.4	-2.1	12.74	12.65	-50.5
124.6	-1.1	12.36	12.35	-58.5
122.8	-2.8	11.45	11.36	-42.0
120.9	0.1	12.82	12.77	-44.5
125.4	2.8	11.64	11.53	-46.5
115.5	1.1	12.04	11.97	-54.9
116.6	-1.1	12.43	12.33	-77.7
116.8	-1.3	12.39	12.21	-79.3
116.8	0.5	12.46	12.45	-70.1
136.0	1.5	11.89	11.70	-33.0
120.3	-2.6	11.17	11.10	-38.1
117.8	-6.2	11.46	11.35	-29.1
127.5	1.1	8.78	8.66	-24.9
316.4	3.3	9.43	9.24	-23.2
315.2	-0.6	12.23	12.17	-52.0
295.0	-0.9	10.77	10.50	-11.9
307.6	-1.6	12.97	13.05	-30.8
309.5	4.6	11.25	11.20	-18.8
292.6	0.4	10.94	10.82	-15.5
292.8	-0.2	10.92	10.65	-11.5
296.4	-0.7	11.95	11.71	-15.8
298.0	-1.0	11.62	11.35	-26.3
294.9	-0.5	13.56	13.37	-19.7
294.2	2.7	14.08	14.01	-2.7
307.8	-2.1	13.20	13.35	-39.7
294.3	-1.7	13.21	13.00	-16.7
305.3	1.2	11.11	10.82	-15.2
305.4	-1.6	13.01	12.99	-30.6
306.9	-0.6	13.18	13.17	-35.7
311.9	-0.2	12.40	12.53	-58.7
313.5	-0.5	11.21	11.16	-24.4
306.1	0.3	10.77	10.63	-16.5
310.8	4.4	10.33	10.15	-31.8
292.1	4.3	11.04	10.88	-15.2
105.2	0.5	7.17	7.00	-17.4
105.1	0.4	12.78	12.70	-45.6
100.4	1.1	12.74	12.92	-40.5
107.6	0.3	10.54	10.46	-32.3
315.8	-4.0	8.88	8.69	-25.5
299.6	1.1	9.78	9.63	-16.5
303.3	4.4	9.29	9.11	-7.1
299.4	0.4	9.40	9.32	-9.8
302.3	3.8	10.80	10.69	-25.0
299.2	-0.6	10.87	10.87	-33.6
296.8	-0.4	13.40	13.21	-15.4
298.0	-0.2	12.49	12.27	-14.3
299.9	-1.8	11.77	11.57	-35.1
300.9	-0.7	10.77	10.59	-2.7
300.9	1.6	13.42	13.35	-28.5
298.5	0.5	12.57	12.39	-34.3
301.7	3.1	10.60	10.35	-8.5
300.4	3.4	8.00	7.78	-20.3
76.9	-4.3	10.06	10.13	8.3
64.8	2.5	9.80	9.53	-21.4
84.4	4.0	11.85	11.91	-12.1
84.4	-2.3	10.83	10.73	-20.4
82.2	-3.5	12.31	12.42	-18.0
82.9	-4.6	11.67	11.51	-11.9
91.5	-8.5	11.34	11.17	-18.5
84.8	1.4	11.44	11.38	-13.2
71.1	1.4	12.16	12.18	-11.6
76.5	-10.8	8.08	7.79	-1.6
66.5	-0.1	11.82	11.70	-11.1
70.9	-0.6	10.79	10.63	-16.4
85.5	-4.9	10.15	9.97	-5.1
74.1	2.3	11.66	11.46	-12.7
77.6	2.3	11.31	11.24	-10.2
90.5	0.7	11.85	11.73	-20.7
87.5	1.6	11.40	11.16	-22.8
89.0	-3.0	10.18	9.93	-16.2
83.6	-8.0	8.84	8.62	-5.2
271.7	-32.8	7.63	7.62	7.3
195.7	11.9	7.85	7.87	6.8
197.4	3.4	10.06	9.97	-0.1
187.7	-0.1	12.09	11.91	12.0
184.6	2.7	12.94	13.05	9.5
193.3	7.6	12.40	12.25	45.0
199.4	2.3	12.66	12.37	64.3
198.1	2.8	12.14	11.94	16.0
106.5	-2.6	11.37	11.16	-25.4
106.5	-2.5	10.86	10.67	-25.3
98.7	-4.0	11.78	11.56	-22.0
105.8	-1.6	11.42	11.40	-30.0
105.6	-2.0	11.64	11.47	-38.8
93.0	-9.3	11.20	11.04	-18.6
324.9	3.3	10.08	10.09	-16.1
203.6	-2.6	10.56	10.79	22.0
203.7	-3.7	12.16	12.26	27.1
214.1	-0.8	13.57	13.58	51.0
213.4	1.2	12.45	12.27	59.5
214.0	1.3	13.00	13.04	34.0
215.5	-1.1	13.40	13.37	66.4
217.1	-0.3	13.40	13.36	66.1
204.9	1.0	11.41	11.15	45.4
208.6	-1.8	11.50	11.37	18.9
220.0	3.8	12.87	12.70	68.9
221.7	-0.1	12.86	12.75	88.7
221.5	1.0	13.87	13.76	85.8
214.9	3.7	12.36	12.13	60.7
208.9	0.9	12.67	12.54	58.8
302.1	-6.5	9.83	9.77	0.1
299.6	-7.5	9.78	9.72	-1.7
296.5	-5.3	10.63	10.36	-5.5
296.6	-3.0	12.62	12.39	-24.6
296.8	-3.2	12.76	12.72	-17.0
327.8	-5.4	9.82	9.78	5.8
325.6	-0.2	10.76	10.72	-21.8
329.1	-1.2	11.36	11.26	-40.5
327.5	-0.7	11.98	11.80	-32.9
330.4	0.3	12.36	12.89	-56.6
330.5	-1.7	10.90	10.66	-24.5
20.6	10.1	9.06	9.05	-6.6
9.9	7.1	9.49	9.28	-29.0
196.6	0.3	11.30	11.19	40.5
195.9	-3.9	13.83	13.83	22.4
198.0	-4.5	13.26	13.15	15.5
199.8	-4.3	12.02	12.03	43.9
162.6	-1.5	12.34	12.29	-4.5
158.9	-6.4	12.48	12.42	5.5
133.6	-3.1	13.50	13.35	-41.5
135.9	-1.4	11.92	11.77	-45.0
132.8	-3.0	12.15	12.13	-35.4
135.1	-1.7	11.74	11.61	-39.5
166.6	-5.4	9.77	9.59	6.9
135.9	-5.2	9.38	9.26	-26.1
236.1	-0.8	12.59	12.73	65.3
252.4	-0.2	11.37	11.62	22 A
237.0	-1.3	10.56	10.31	8.8
243.4	-3.3	13.62	13.74	63.3
241.2	-1.4	12.18	12.13	54.6
241.8	3.3	13.06	12.94	64.0
246.2	0.1	12.63	12.82	59.5
254.3	-1.6	11.18	11.06	26.7
244.5	-1.0	12.83	12.76	64.4
247.9	1.0	12.98	13.07	65.7
244.8	0.8	14.67	14.79	116.2
246.4	0.1	13.26	13.38	77.4
261.3	-12.9	9.02	8.86	12.7
55.2	-6.1	9.19	9.11	-10.1
54.9	-0.6	12.06	12.28	15.6
13.7	-4.5	8.96	8.85	2.6
1.6	-4.0	8.24	8.12	-28.3
1.2	0.2	7.92	7.75	-13.7
12.8	-2.1	8.50	8.36	-2.5
12.1	-1.3	11.32	11.43	-15.7
15.0	-1.9	10.96	10.74	2.0
17.8	-7.1	10.43	10.36	18.5
8.1	-2.4	9.62	9.44	-15.0
7.5	-0.6	11.81	11.80	19.1
13.3	-2.4	11.34	11.13	-26.5
14.7	-9.0	9.53	9.42	7.6
13.8	-8.0	9.84	9.65	13.1
2.9	-0.5	10.63	10.43	-0.9
350.4	5.7	9.52	9.35	-16.6
356.5	-3.4	10.98	10.93	-17.7
340.4	-0.7	11.83	12.00	-22.1
349.8	0.3	10.64	10.64	-2.8
354.4	0.2	9.91	9.72	10.7
359.0	-1.4	10.84	10.74	-10.8
343.5	-5.2	9.44	9.35	8.3
19.0	-1.6	11.21	10.94	11.1
24.0	-0.9	11.00	10.95	12.3
26.8	-0.8	12.26	12.21	37.2
28.4	0.2	11.52	11.51	-4.8
24.2	-1.8	9.88	9.66	-8.6
28.9	-1.7	11.46	11.29	-24
26.3	-0.5	11.39	11.32	-0.4
27.2	-0.4	11.54	11.29	40.8
28.1	0.0	12.10	12.05	19.7
23.5	-0.5	10.80	10.48	17.5
21.6	-0.8	11.32	11.07	-8.4
30.8	1.8	12.14	12.11	-44.3
193.1	-8.1	10.14	9.95	0.5
179.5	-18.7	8.26	8.04	0.3
317.0	-7.8	8.95	8.72	-13.2
322.1	8.2	9.65	9.52	3.9
323.2	-8.0	9.95	9.69	-13.1
123.3	26.5	4.92	4.74	-17.4
265.5	-3.8	10.18	10.03	5.7
276.6	-4.2	10.08	9.88	-27.9
262.9	-1.9	11.11	11.19	24.1
268.8	-4.8	11.35	11.26	7.4
286.0	2.4	12.11	12.07	3.5
266.2	-3.0	12.27	12.39	22.9
265.5	-2.2	11.73	11.66	30.9
284.8	2.2	12.70	12.54	15.0
283.0	0.6	13.01	12.83	28.1
276.1	-0.6	12.04	11.89	14.8
262.4	-7.0	8.22	7.97	24.2
263.0	-1.4	11.12	10.87	26.3
263.3	-7.7	9.96	9.68	22.1
271.9	-2.6	9.68	9.62	7.9
259.8	-1.3	11.04	10.94	51.6
267.6	-3.2	13.92	13.92	73.9
272.4	-3.4	12.43	12.31	16.0
271.5	-1.4	14.25	14.23	26.0
275.4	-1.3	12.46	12.28	29.8
273.2	1.3	11.24	11.28	20.6
274.1	-2.2	13.33	13.37	33.5
72.1	-10.2	8.74	8.54	-0.9
56.1	-0.3	9.05	8.92	-12.1
63.8	-1.3	9.98	9.78	-16.1
63.9	0.3	11.49	11.67	1.9
64.9	-0.9	11.93	11.89	2.6
