40.9	-13.1	7.177	3.897	0.789	0.149	7.21	7.10	-14.8	
30.9	-11.6	7.024	6.448	1.016	0.399	8.98	8.84	1.1	
35.6	-2.3	17.138	8.628	1.415	0.641	11.39	11.39	10.5	
36.0	-3.1	13.754	7.147	1.281	0.495	10.00	10.00	1.9	
49.2	6.4	4.471	5.372	0.755	0.224	7.96	7.74	-17.4	
44.3	0.9	6.114	8.268	1.263	0.646	9.76	9.60	-7.0	
38.5	-3.1	9.482	8.382	1.213	0.510	10.80	10.72	13.1	
34.2	-2.1	7.304	9.875	1.352	0.644	11.41	11.29	11.5	
28.2	-7.1	6.807	7.720	1.146	0.413	9.83	9.74	7.9	
43.9	-2.6	7.239	10.034	1.451	0.689	11.25	11.17	3.1	
335.2	-3.7	20.809	10.242	1.563	0.574	12.94	13.04	-82.2	
166.8	4.3	3.859	9.614	0.905	0.407	11.46	11.27	8.5	
183.1	8.9	3.728	5.450	0.586	0.051	8.28	8.07	21.0	
165.8	-1.3	11.625	7.664	0.951	0.276	11.26	11.27	-23.3	
164.7	2.1	10.144	9.081	0.995	0.454	12.25	12.19	-3.5	
232.0	-3.8	5.729	11.146	1.243	0.544	12.63	12.61	50.0	
226.0	0.3	4.678	8.105	0.837	0.248	10.53	10.38	32.9	
231.2	-1.1	4.255	9.698	0.994	0.464	11.43	11.25	24.6	
239.2	-4.2	12.362	9.939	1.225	0.549	12.75	12.77	73.1	
227.2	-2.4	4.670	10.566	1.214	0.583	11.78	11.67	39.0	
229.2	0.1	6.995	9.557	0.961	0.357	12.25	12.18	66.5	
239.9	-4.4	3.126	9.371	0.969	0.484	10.66	10.40	40.1	
144.9	3.8	16.413	8.657	1.380	0.649	11.45	11.50	-26.5	
145.9	4.7	7.912	7.685	1.181	0.569	9.87	9.77	-36.2	
283.2	-7.0	35.541	3.735	1.260	0.170	8.39	8.68	3.6	
289.1	0.1	38.756	6.248	1.165	0.283	11.24	11.42	1.7	
275.3	-12.3	6.696	7.355	0.861	0.174	10.34	10.25	13.9	
285.7	-0.3	3.640	8.102	0.623	0.178	10.74	10.45	-14.5	
286.7	1.3	4.860	9.100	0.921	0.326	11.32	11.14	-11.4	
285.6	-1.8	5.346	9.441	0.977	0.457	11.61	11.39	-14.4	
284.8	0.2	3.682	8.266	0.661	0.123	10.84	10.61	8.1	
287.2	-3.2	5.544	8.928	0.835	0.189	11.67	11.53	4.0	
287.3	-2.3	5.205	9.331	0.894	0.187	11.81	11.70	-20.9	
288.2	0.0	4.677	9.794	0.898	0.398	11.98	11.74	-13.0	
289.2	-1.2	23.008	9.277	1.114	0.384	13.50	13.55	-14.7	
291.3	-4.9	15.716	9.341	1.020	0.349	13.21	13.18	-10.9	
291.4	-3.9	12.435	9.334	1.205	0.417	12.27	12.27	-5.6	
290.3	-0.8	16.650	8.595	1.255	0.367	11.90	11.99	1.5	
285.6	-1.4	18.163	8.709	1.117	0.396	12.53	12.54	1.0	
285.8	-3.3	9.769	8.821	0.940	0.161	12.22	12.22	2.1	
289.4	-1.6	4.760	12.021	1.208	0.526	13.31	13.17	6.9	
289.4	-1.6	5.495	12.400	1.270	0.602	13.72	13.59	-3.8	
283.6	-1.3	4.933	10.670	1.104	0.419	12.36	12.23	9.0	
286.2	-1.7	5.319	13.400	1.470	0.902	13.97	13.79	20.6	
285.7	-0.4	9.762	11.566	1.308	0.504	13.77	13.79	25.3	
288.6	0.2	6.662	12.400	1.270	0.702	13.99	13.84	10.8	
289.5	-0.9	4.266	9.782	0.946	0.404	11.68	11.45	8.6	
288.8	-1.0	4.675	11.394	1.022	0.391	13.24	13.07	-1.3	
290.1	1.5	7.719	6.807	0.851	0.101	10.10	10.05	-19.0	
286.9	0.6	16.329	12.300	1.670	0.900	14.13	14.18	-14.5	
288.4	-1.3	5.664	12.500	1.270	0.700	13.83	13.65	14.0	
287.8	0.7	13.454	11.655	1.601	0.726	13.45	13.52	13.2	
288.7	-0.4	23.254	12.200	1.770	0.900	14.32	14.47	29.9	
289.9	-1.0	7.639	12.400	1.470	0.800	13.60	13.50	39.7	
289.6	-0.1	4.586	11.623	1.098	0.581	13.14	12.90	-13.0	
290.5	-2.1	10.356	10.773	1.264	0.461	13.22	13.22	-10.8	
290.9	-0.4	10.274	11.821	1.492	0.868	13.42	13.32	-3.1	
291.1	0.6	10.717	9.675	1.137	0.351	12.59	12.58	-7.3	
288.4	0.3	3.578	11.600	0.970	0.500	13.10	12.82	-1.6	
290.3	2.5	4.431	8.320	0.739	0.175	10.96	10.75	-20.6	
289.2	-1.8	4.055	12.500	1.170	0.700	13.56	13.29	32.1	
284.7	-1.9	4.159	10.239	0.994	0.443	11.95	11.72	-8.5	
285.3	-1.8	5.092	12.300	1.270	0.700	13.45	13.26	5.9	
289.1	-0.8	5.336	12.300	1.270	0.700	13.53	13.34	3.8	
289.3	-0.9	13.606	10.938	1.221	0.453	13.96	13.99	39.3	
291.5	-1.1	7.533	8.094	0.979	0.193	10.95	10.91	-14.9	
114.5	0.8	6.296	9.928	1.455	0.858	10.83	10.69	-24.5	
129.0	-4.6	14.798	9.224	1.197	0.420	12.47	12.57	-71.3	
115.3	-3.3	12.135	9.957	1.342	0.649	12.36	12.36	-70.5	
133.5	8.5	1.949	5.970	0.701	0.287	7.31	6.95	-7.0	
109.7	-1.6	5.441	9.700	1.071	0.494	11.61	11.46	-38.0	
118.2	-4.1	4.071	9.858	0.985	0.475	11.54	11.33	-47.1	
134.8	-1.2	13.627	9.852	1.419	0.819	12.15	12.12	-45.9	
125.5	-1.6	4.259	11.351	1.058	0.541	12.88	12.72	-51.0	
130.4	-2.1	6.208	10.751	1.110	0.553	12.74	12.65	-50.5	
124.6	-1.1	5.994	10.708	1.222	0.475	12.36	12.35	-58.5	
122.8	-2.8	4.502	9.979	1.128	0.430	11.45	11.36	-42.0	
120.9	0.1	6.847	11.528	1.382	0.748	12.82	12.77	-44.5	
125.4	2.8	6.272	10.916	1.509	0.904	11.64	11.53	-46.5	
115.5	1.1	7.801	10.746	1.449	0.804	12.04	11.97	-54.9	
116.6	-1.1	4.875	11.126	1.211	0.566	12.43	12.33	-77.7	
116.8	-1.3	4.366	11.355	1.221	0.704	12.39	12.21	-79.3	
116.8	0.5	9.812	9.878	1.178	0.501	12.46	12.45	-70.1	
136.0	1.5	3.832	10.856	1.154	0.638	11.89	11.70	-33.0	
120.3	-2.6	8.001	8.964	1.185	0.533	11.17	11.10	-38.1	y)
117.8	-6.2	5.809	9.128	0.984	0.351	11.46	11.35	-29.1	
127.5	1.1	8.377	7.186	1.391	0.786	8.78	8.66	-24.9	
316.4	3.3	5.494	6.820	0.862	0.289	9.43	9.24	-23.2	
315.2	-0.6	17.094	10.537	1.720	1.058	12.23	12.17	-52.0	
295.0	-0.9	3.334	8.760	0.780	0.275	10.77	10.50	-11.9	
307.6	-1.6	15.036	10.263	1.392	0.448	12.97	13.05	-30.8	
309.5	4.6	10.956	7.799	0.972	0.260	11.25	11.20	-18.8	
292.6	0.4	5.310	8.820	1.011	0.310	10.94	10.82	-15.5	
292.8	-0.2	3.211	8.635	0.678	0.160	10.92	10.65	-11.5	
296.4	-0.7	3.997	10.146	0.945	0.396	11.95	11.71	-15.8	
298.0	-1.0	3.174	10.063	0.898	0.371	11.62	11.35	-26.3	
294.9	-0.5	5.893	12.500	1.370	0.800	13.56	13.37	-19.7	
294.2	2.7	12.180	11.502	1.283	0.642	14.08	14.01	-2.7	
307.8	-2.1	34.019	9.884	1.607	0.693	13.20	13.35	-39.7	
294.3	-1.7	4.975	12.100	1.270	0.700	13.21	13.00	-16.7	
305.3	1.2	3.719	12.018	1.732	1.229	11.11	10.82	-15.2	
305.4	-1.6	10.353	11.546	1.562	0.735	13.01	12.99	-30.6	
306.9	-0.6	12.881	12.004	1.757	0.931	13.18	13.17	-35.7	
311.9	-0.2	17.752	11.796	2.107	1.082	12.40	12.53	-58.7	
313.5	-0.5	9.467	8.689	1.190	0.428	11.21	11.16	-24.4	
306.1	0.3	6.459	8.464	1.047	0.395	10.77	10.63	-16.5	
310.8	4.4	5.079	7.659	0.804	0.205	10.33	10.15	-31.8	
292.1	4.3	5.508	8.181	0.791	0.176	11.04	10.88	-15.2	
105.2	0.5	5.366	3.954	0.658	0.092	7.17	7.00	-17.4	
105.1	0.4	7.232	11.186	1.322	0.682	12.78	12.70	-45.6	
100.4	1.1	17.856	10.567	1.638	0.682	12.74	12.92	-40.5	
107.6	0.3	6.233	9.629	1.460	0.758	10.54	10.46	-32.3	
315.8	-4.0	5.273	5.880	0.715	0.152	8.88	8.69	-25.5	
299.6	1.1	5.826	6.771	0.774	0.152	9.78	9.63	-16.5	
303.3	4.4	4.690	6.599	0.756	0.163	9.29	9.11	-7.1	
299.4	0.4	6.733	6.570	0.918	0.193	9.40	9.32	-9.8	
302.3	3.8	6.220	8.357	0.996	0.286	10.80	10.69	-25.0	
299.2	-0.6	12.848	9.822	1.788	1.000	10.87	10.87	-33.6	
296.8	-0.4	7.004	12.130	1.390	0.845	13.40	13.21	-15.4	
298.0	-0.2	4.989	11.700	1.370	0.800	12.49	12.27	-14.3	
299.9	-1.8	6.121	12.300	1.870	1.301	11.77	11.57	-35.1	
300.9	-0.7	5.265	9.602	1.287	0.675	10.77	10.59	-2.7	
300.9	1.6	12.213	12.007	1.640	0.957	13.42	13.35	-28.5	
298.5	0.5	6.398	11.037	1.270	0.680	12.57	12.39	-34.3	
301.7	3.1	3.837	8.204	0.734	0.211	10.60	10.35	-8.5	
300.4	3.4	3.343	5.462	0.629	0.053	8.00	7.78	-20.3	
76.9	-4.3	16.387	6.396	1.131	0.288	10.06	10.13	8.3	
64.8	2.5	3.846	6.857	0.556	0.096	9.80	9.53	-21.4	
84.4	4.0	15.107	9.434	1.466	0.631	11.85	11.91	-12.1	
84.4	-2.3	14.708	9.515	1.752	1.181	10.83	10.73	-20.4	
82.2	-3.5	20.130	10.073	1.665	0.791	12.31	12.42	-18.0	
82.9	-4.6	7.857	9.590	1.202	0.652	11.67	11.51	-11.9	
91.5	-8.5	4.865	8.957	0.869	0.289	11.34	11.17	-18.5	
84.8	1.4	10.141	10.232	1.609	0.933	11.44	11.38	-13.2	
71.1	1.4	17.071	8.957	1.279	0.514	12.16	12.18	-11.6	
76.5	-10.8	2.499	5.774	0.538	0.039	8.08	7.79	-1.6	
66.5	-0.1	7.818	9.937	1.271	0.628	11.82	11.70	-11.1	
70.9	-0.6	5.955	9.485	1.310	0.680	10.79	10.63	-16.4	
85.5	-4.9	5.257	9.631	1.481	0.895	10.15	9.97	-5.1	
74.1	2.3	4.365	9.871	0.997	0.417	11.66	11.46	-12.7	
77.6	2.3	11.211	10.939	1.912	1.230	11.31	11.24	-10.2	
90.5	0.7	7.251	10.601	1.426	0.798	11.85	11.73	-20.7	
87.5	1.6	4.049	10.853	1.335	0.810	11.40	11.16	-22.8	
89.0	-3.0	3.284	9.090	1.060	0.534	10.18	9.93	-16.2	
83.6	-8.0	3.331	5.885	0.495	-0.074	8.84	8.62	-5.2	
271.7	-32.8	9.842	3.755	0.794	0.044	7.63	7.62	7.3	
195.7	11.9	10.152	3.918	0.798	0.018	7.85	7.87	6.8	
197.4	3.4	7.915	6.951	0.900	0.283	10.06	9.97	-0.1	
187.7	-0.1	5.530	10.016	1.014	0.570	12.09	11.91	12.0	
184.6	2.7	11.302	9.735	1.068	0.330	12.94	13.05	9.5	
193.3	7.6	3.788	9.858	0.684	0.167	12.40	12.25	45.0	
199.4	2.3	2.308	11.364	0.796	0.444	12.66	12.37	64.3	
198.1	2.8	3.136	10.742	0.937	0.451	12.14	11.94	16.0	
106.5	-2.6	4.984	8.939	0.858	0.356	11.37	11.16	-25.4	
106.5	-2.5	5.444	8.407	0.901	0.362	10.86	10.67	-25.3	
98.7	-4.0	4.324	9.150	0.723	0.217	11.78	11.56	-22.0	
105.8	-1.6	10.886	8.418	1.106	0.404	11.42	11.40	-30.0	
105.6	-2.0	6.416	8.844	0.875	0.353	11.64	11.47	-38.8	
93.0	-9.3	5.332	8.878	0.939	0.336	11.20	11.04	-18.6	
324.9	3.3	9.285	7.633	1.217	0.364	10.08	10.09	-16.1	
203.6	-2.6	27.021	6.129	1.168".	0.209	10.56	10.79	22.0	
203.7	-3.7	15.232	8.260	1.010	0.249	12.16	12.26	27.1	
214.1	-0.8	8.702	10.965	1.099	0.511	13.57	13.58	51.0	
213.4	1.2	4.032	11.400	1.170	0.700	12.45	12.27	59.5	
214.0	1.3	7.428	10.775	1.152	0.441	13.00	13.04	34.0	
215.5	-1.1	5.457	11.898	1.204	0.596	13.40	13.37	66.4	
217.1	-0.3	3.938	13.300	1.470	0.832	13.40	13.36	66.1	
204.9	1.0	2.705	10.579	1.033	0.585	11.41	11.15	45.4	
208.6	-1.8	5.381	10.307	1.285	0.714	11.50	11.37	18.9	
220.0	3.8	4.809	12.500	1.470	1.000	12.87	12.70	68.9	
221.7	-0.1	4.497	12.900	1.570	1.000	12.86	12.75	88.7	
221.5	1.0	3.288	12.931	1.103	0.616	13.87	13.76	85.8	
214.9	3.7	2.713	10.380	0.678	0.218	12.36	12.13	60.7	
208.9	0.9	4.134	10.551	0.864	0.321	12.67	12.54	58.8	
302.1	-6.5	7.510	6.285	0.757	0.017	9.83	9.77	0.1	
299.6	-7.5	9.659	6.123	0.844	0.147	9.78	9.72	-1.7	
296.5	-5.3	3.086	8.977	0.857	0.328	10.63	10.36	-5.5	
296.6	-3.0	4.945	11.759	1.342	0.789	12.62	12.39	-24.6	
296.8	-3.2	11.636	9.772	1.147	0.413	12.76	12.72	-17.0	
327.8	-5.4	9.754	6.430	0.939	0.189	9.82	9.78	5.8	
325.6	-0.2	12.641	9.249	1.637	0.892	10.76	10.72	-21.8	
329.1	-1.2	6.198	10.035	1.339	0.580	11.36	11.26	-40.5	
327.5	-0.7	12.645	9.472	1.307	0.794	11.98	11.80	-32.9	
330.4	0.3	10.784	11.684	2.002	1.338	12.36	12.89	-56.6	
330.5	-1.7	3.453	10.425	1.283	0.684	10.90	10.66	-24.5	
20.6	10.1	17.123	6.167	1.368	0.655	9.06	9.05	-6.6	
9.9	7.1	4.068	7.331	0.850	0.247	9.49	9.28	-29.0	
196.6	0.3	7.567	8.412	0.934	0.389	11.30	11.19	40.5	
195.9	-3.9	4.911	12.296	1.134	0.569	13.83	13.83	22.4	
198.0	-4.5	3.889	11.390	0.902	0.407	13.26	13.15	15.5	
199.8	-4.3	8.616	8.965	0.969	0.279	12.02	12.03	43.9	
162.6	-1.5	11.129	8.989	0.991	0.434	12.34	12.29	-4.5	
158.9	-6.4	4.290	11.166	1.145	0.490	12.48	12.42	5.5	
133.6	-3.1	4.566	11.608	0.969	0.538	13.50	13.35	-41.5	
135.9	-1.4	5.365	11.339	1.468	0.919	11.92	11.77	-45.0	
132.8	-3.0	10.895	9.305	1.141	0.515	12.15	12.13	-35.4	
135.1	-1.7	5.532	11.255	1.513	0.941	11.74	11.61	-39.5	
166.6	-5.4	6.463	7.486	1.036	0.534	9.77	9.59	6.9	)
135.9	-5.2	7.570	6.247	0.866	0.273	9.38	9.26	-26.1	
236.1	-0.8	25.961	8.490	1.219	0.443	12.59	12.73	65.3	
252.4	-0.2	41.388	7.028	1.405	0.446	11.37	11.62	22 A	
237.0	-1.3	3.012	8.315	0.653	0.165	10.56	10.31	8.8	
243.4	-3.3	23.164	9.595	1.175	0.471	13.62	13.74	63.3	
241.2	-1.4	8.938	9.058	0.960	0.319	12.18	12.13	54.6	
241.8	3.3	5.027	10.301	0.765	0.220	13.06	12.94	64.0	
246.2	0.1	30.018	8.755	1.371	0.512	12.63	12.82	59.5	
254.3	-1.6	6.665	8.001	0.788	0.183	11.18	11.06	26.7	
244.5	-1.0	7.199	10.811	1.185	0.570	12.83	12.76	64.4	
247.9	1.0	13.674	9.922	1.213	0.438	12.98	13.07	65.7	
244.8	0.8	13.453	12.129	1.340	0.723	14.67	14.79	116.2	
246.4	0.1	14.146	10.363	1.285	0.478	13.26	13.38	77.4	
261.3	-12.9	5.695	5.666	0.650	0.064	9.02	8.86	12.7	
55.2	-6.1	8.382	5.622	0.792	0.127	9.19	9.11	-10.1	y)
54.9	-0.6	51.370	10.152	2.234	1.246	12.06	12.28	15.6	
13.7	-4.5	6.745	6.714	1.093	0.403	8.96	8.85	2.6	
1.6	-4.0	7.595	4.669	0.736	0.111	8.24	8.12	-28.3	)
1.2	0.2	7.012	4.561	0.749	0.197	7.92	7.75	-13.7	
12.8	-2.1	5.773	5.742	0.850	0.205	8.50	8.36	-2.5	
12.1	-1.3	21.850	8.030	1.402	0.467	11.32	11.43	-15.7	
15.0	-1.9	6.424	8.851	1.092	0.543	10.96	10.74	2.0	
17.8	-7.1	9.424	7.350	1.012	0.292	10.43	10.36	18.5	
8.1	-2.4	5.058	6.942	0.801	0.192	9.62	9.44	-15.0	
7.5	-0.6	15.409	11.425	2.074	1.267	11.81	11.80	19.1	
13.3	-2.4	6.570	10.520	1.502	0.919	11.34	11.13	-26.5	
14.7	-9.0	6.637	6.931	0.979	0.284	9.53	9.42	7.6	
13.8	-8.0	5.145	7.460	0.899	0.312	9.84	9.65	13.1	
2.9	-0.5	5.750	12.387	2.207	1.620	10.63	10.43	-0.9	
350.4	5.7	6.061	7.041	0.958	0.342	9.52	9.35	-16.6	
356.5	-3.4	20.311	8.017	1.423	0.777	10.98	10.93	-17.7	
340.4	-0.7	28.675	9.815	1.925	0.896	11.83	12.00	-22.1	
349.8	0.3	16.262	10.934	2.300	1.511	10.64	10.64	-2.8	
354.4	0.2	4.528	7.973	0.974	0.360	9.91	9.72	10.7	
359.0	-1.4	9.317	8.753	1.307	0.599	10.84	10.74	-10.8	
343.5	-5.2	6.797	6.651	0.936	0.217	9.44	9.35	8.3	
19.0	-1.6	4.198	10.011	1.154	0.619	11.21	10.94	11.1	
24.0	-0.9	10.342	9.659	1.590	0.823	11.00	10.95	12.3	
26.8	-0.8	12.901	9.595	1.301	0.542	12.26	12.21	37.2	
28.4	0.2	19.698	9.463	1.691	0.957	11.52	11.51	-4.8	
24.2	-1.8	3.671	8.201	0.950	0.337	9.88	9.66	-8.6	
28.9	-1.7	6.411	12.231	1.975	1.318	11.46	11.29	-24	
26.3	-0.5	7.415	10.608	1.600	0.795	11.39	11.32	-0.4	
27.2	-0.4	3.917	11.101	1.358	0.771	11.54	11.29	40.8	
28.1	0.0	9.992	12.470	2.090	1.267	12.10	12.05	19.7	
23.5	-0.5	3.091	10.136	1.156	0.679	10.80	10.48	17.5	
21.6	-0.8	6.294	11.550	1.790	1.284	11.32	11.07	-8.4	
30.8	1.8	17.141	12.234	2.265	1.505	12.14	12.11	-44.3	
193.1	-8.1	4.034	8.199	0.908	0.355	10.14	9.95	0.5	
179.5	-18.7	3.149	6.530	0.844	0.294	8.26	8.04	0.3	
317.0	-7.8	3.389	6.650	0.711	0.127	8.95	8.72	-13.2	
322.1	8.2	6.323	6.394	0.741	0.100	9.65	9.52	3.9	
323.2	-8.0	2.569	7.940	0.655	0.088	9.95	9.69	-13.1	
123.3	26.5	3.970	1.973	0.595	-0.007	4.92	4.74	-17.4	
265.5	-3.8	4.640	8.030	0.928	0.281	10.18	10.03	5.7	
276.6	-4.2	4.371	7.570	0.774	0.209	10.08	9.88	-27.9	
262.9	-1.9	20.397	7.087	1.121	0.335	11.11	11.19	24.1	
268.8	-4.8	5.858	9.707	1.207	0.503	11.35	11.26	7.4	
286.0	2.4	14.097	8.576	1.070	0.392	12.11	12.07	3.5	
266.2	-3.0	23.474	8.126	1.159	0.349	12.27	12.39	22.9	
265.5	-2.2	9.550	8.290	0.898	0.250	11.73	11.66	30.9	
284.8	2.2	6.985	10.662	1.162	0.572	12.70	12.54	15.0	
283.0	0.6	6.246	13.500	1.870	1.301	13.01	12.83	28.1	
276.1	-0.6	7.134	10.254	1.246	0.667	12.04	11.89	14.8	
262.4	-7.0	3.128	5.708	0.593	0.074	8.22	7.97	24.2	
263.0	-1.4	3.128	10.053	1.044	0.515	11.12	10.87	26.3	
263.3	-7.7	2.594	8.200	0.732	0.224	9.96	9.68	22.1	
271.9	-2.6	6.924	7.662	1.181	0.448	9.68	9.62	7.9	
259.8	-1.3	7.201	11.600	1.970	1.300	11.04	10.94	51.6	
267.6	-3.2	9.841	12.756	1.611	0.917	13.92	13.92	73.9	
272.4	-3.4	6.255	11.370	1.412	0.759	12.43	12.31	16.0	
271.5	-1.4	13.195	12.536	1.580	0.979	14.25	14.23	26.0	
275.4	-1.3	5.484	11.825	1.466	0.892	12.46	12.28	29.8	
273.2	1.3	11.200	9.526	1.530	0.685	11.24	11.28	20.6	
274.1	-2.2	13.234	11.567	1.587	0.814	13.33	13.37	33.5	
72.1	-10.2	4.435	5.749	0.631	0.064	8.74	8.54	-0.9	
56.1	-0.3	7.991	7.127	1.265	0.654	9.05	8.92	-12.1	
63.8	-1.3	6.320	8.848	1.379	0.848	9.98	9.78	-16.1	
63.9	0.3	45.103	7.208	1.455	0.570	11.49	11.67	1.9	
64.9	-0.9	13.608	11.375	1.954	1.240	11.93	11.89	2.6	
