0	1	2	3	4	5	6	7	8
4.5	0.2222222222222222	6.023625	-72.08127777777777	-18.0	5.237	-2.524	305.89	-44.89
8.9	0.11235955056179775	13.1885	-26.58261111111111	-45.4	4.267	-5.636	152.3	-89.38
8.6	0.11627906976744186	15.809416666666667	-70.84877777777778	223.5	6.73	-2.535	301.53	-46.25
30.1	0.03322259136212624	30.737499999999997	-3.2527777777777778	-130.6	-0.234	-1.782	161.22	-60.76
16.3	0.06134969325153374	48.06754166666667	-55.21622222222222	68.2	1.632	-2.038	270.54	-52.12
11.1	0.0900900900900901	53.3335	79.58105555555555	-82.8	-0.171	0.07	130.06	19.03
123.3	0.008110300081103	58.75958333333333	-49.61527777777778	116.0	0.357	-0.424	258.34	-48.47
90.1	0.011098779134295229	66.18541666666667	-21.186944444444446	-23.6	0.493	-0.402	218.1	-41.33
27.2	0.03676470588235294	71.524625	31.3815	-133.0	1.034	-1.557	170.53	-9.07
12.1	0.08264462809917356	78.52816666666666	-40.04655555555556	320.5	2.12	-0.589	244.51	-35.03
12.9	0.07751937984496124	81.04620833333334	-24.524722222222223	205.8	2.467	-1.573	227.23	-29.35
10.8	0.09259259259259259	102.24754166666668	-36.00530555555556	148.9	3.316	-2.186	245.63	-16.0
82.6	0.012106537530266345	114.53529166666665	38.882444444444445	-20.2	-0.011	-0.557	180.37	25.24
34.7	0.02881844380403458	119.57083333333333	26.255	0.0	0.0	0.0	195.12	25.54
39.4	0.025380710659898477	136.99083333333334	-37.22138888888889	34.3	1.078	0.212	261.32	7.0
9.6	0.10416666666666667	138.01291666666665	-64.8635	101.6	1.005	0.274	282.19	-11.25
8.1	0.1234567901234568	140.23779166666665	-77.28188888888889	0.0	-2.695	7.115	292.27	-19.02
92.5	0.010810810810810811	151.3829166666667	0.07166666666666667	83.4	0.055	-0.085	240.15	41.86
4.9	0.2040816326530612	154.4034166666667	-46.41247222222222	494.0	8.324	-1.991	277.23	8.64
108.7	0.00919963201471941	172.32	28.973583333333334	74.5	-0.135	-0.518	202.31	71.8
48.3	0.020703933747412008	179.82708333333332	12.26	0.0	0.0	0.0	260.99	70.75
19.3	0.05181347150259067	182.52624999999998	18.542638888888888	183.2	-1.705	-2.114	252.85	77.19
5.8	0.1724137931034483	186.43916666666667	-72.659	72.3	-6.378	3.358	300.99	-9.88
21.2	0.04716981132075472	189.6675	-51.15027777777778	-44.0	-1.263	0.399	300.88	11.67
10.3	0.0970873786407767	189.86658333333332	-26.744055555555555	-94.7	-2.752	1.762	299.63	36.05
6.6	0.15151515151515152	194.8913333333333	-70.8765	200.2	-8.361	-0.949	303.6	-8.02
17.9	0.0558659217877095	198.23020833333334	18.168166666666668	-62.9	-0.148	-1.355	332.96	79.76
17.4	0.0574712643678161	199.112875	17.70025	44.0	-0.366	-1.248	335.7	78.95
5.2	0.1923076923076923	201.69683333333333	-47.47958333333333	232.1	-3.234	-6.719	309.1	14.97
10.2	0.09803921568627452	205.54841666666664	28.377277777777778	-147.6	-0.142	-2.647	42.22	78.71
11.7	0.08547008547008547	206.61170833333335	-51.37425	57.4	0.207	-0.111	311.61	10.57
32.2	0.03105590062111801	209.09041666666667	-27.1675	0.0	0.0	0.0	320.28	33.51
16.0	0.0625	211.36370833333336	28.534444444444443	110.7	-5.412	-0.8	42.15	73.59
25.2	0.03968253968253968	217.405125	-5.976416666666667	-45.1	-1.724	-1.507	342.21	49.26
35.0	0.02857142857142857	219.90120833333333	-26.538944444444443	-140.3	-0.486	-1.071	331.06	30.36
18.8	0.05319148936170213	225.076875	-82.21369444444444	31.5	0.491	-0.485	307.35	-20.47
32.1	0.03115264797507788	225.99429166666667	-33.068222222222225	-27.5	-1.17	-2.226	332.56	22.07
23.2	0.04310344827586207	229.02187500000002	0.11161111111111112	-58.7	-2.736	-2.646	0.85	45.86
12.5	0.08	229.35208333333333	-21.010277777777777	101.5	-0.427	-3.438	342.95	30.29
7.5	0.13333333333333333	229.63841666666667	2.081027777777778	53.2	4.078	-9.854	3.86	46.8
7.7	0.12987012987012986	232.002875	-50.673027777777776	-107.5	-5.049	-3.231	326.6	4.86
10.6	0.09433962264150944	233.86883333333333	-50.659666666666666	128.4	-5.331	-1.614	327.58	4.19
18.9	0.052910052910052914	234.78104166666668	-50.05272222222222	0.0	-4.002	-3.064	328.41	4.34
10.4	0.09615384615384615	236.5125	-37.78641666666667	88.9	-4.186	-4.604	337.02	13.27
8.0	0.125	242.76520833333333	-55.31777777777778	8.0	0.0	0.0	328.77	-2.8
76.5	0.013071895424836602	242.75249999999997	14.957777777777778	72.3	-0.504	-0.461	28.74	42.19
10.0	0.1	244.2600416666667	-22.97608333333333	8.1	-2.931	-5.578	352.67	19.46
2.2	0.45454545454545453	245.89675000000003	-26.52575	70.7	-12.49	-19.001	350.97	15.97
15.4	0.06493506493506493	246.4505	-72.20219444444444	361.4	1.757	-0.223	317.74	-15.82
8.9	0.11235955056179775	246.80775	-26.0235	193.8	-1.772	-2.626	351.93	15.7
10.1	0.09900990099009901	246.91820833333333	-38.84875	6.7	-6.184	-2.648	342.37	6.94
8.2	0.12195121951219513	247.16699999999997	-35.35347222222222	-136.3	-5.602	-1.69	345.08	9.19
6.4	0.15625	248.13275000000002	-13.053777777777778	-34.1	-1.924	-5.968	3.37	23.01
8.3	0.12048192771084336	249.85604166666664	-28.398694444444445	0.0	0.0	0.0	351.91	12.1
7.1	0.14084507042253522	250.42183333333335	36.45986111111111	-244.2	-3.164	-2.588	59.01	40.91
30.5	0.03278688524590164	251.74495833333333	47.52775	-154.2	-1.192	-0.44	73.64	40.31
4.8	0.20833333333333334	251.80908333333338	-1.9485277777777776	-41.4	-0.141	-6.802	15.72	26.31
9.8	0.1020408163265306	253.04416666666668	-47.058055555555555	0.0	-5.015	-0.141	339.19	-1.85
11.5	0.08695652173913043	253.35545833333333	-22.177444444444443	87.3	-3.973	-7.624	358.92	13.52
4.4	0.22727272727272727	254.2877083333333	-4.100305555555556	75.2	-4.759	-6.554	15.14	23.08
10.3	0.0970873786407767	254.8859166666667	-37.12138888888889	-101.4	-3.664	-1.493	347.79	3.31
45.1	0.022172949002217293	254.96250000000003	0.5388888888888889	68.9	-0.58	-0.861	18.88	24.3
6.8	0.14705882352941177	255.30333333333328	-30.113722222222222	-70.1	-5.041	-2.952	353.57	7.32
8.8	0.11363636363636363	255.65750000000003	-26.267972222222223	135.0	-3.232	1.669	356.87	9.38
15.3	0.06535947712418301	256.11879166666665	-24.76486111111111	27.5	-3.196	-2.008	358.35	9.94
9.4	0.10638297872340426	256.2880416666667	-22.70836111111111	-288.7	-4.977	-1.882	0.13	11.02
9.5	0.10526315789473684	257.5425	-26.582083333333333	-146.2	0.89	-4.338	357.62	7.83
5.9	0.1694915254237288	258.634375	-29.462027777777777	-107.3	-4.051	-1.073	355.83	5.38
10.4	0.09615384615384615	259.15541666666667	-28.14011111111111	71.4	-4.945	-4.608	357.18	5.76
8.3	0.12048192771084336	259.2807916666667	43.13594444444445	-120.0	-4.925	-0.536	68.34	34.86
7.8	0.12820512820512822	259.49670833333334	-23.766	29.8	-8.426	-9.011	0.97	8.0
7.9	0.12658227848101264	259.7969166666667	-18.515944444444443	229.1	-2.228	-3.214	5.54	10.71
8.5	0.11764705882352941	260.29200000000003	-19.587416666666666	115.7	-2.932	-7.101	4.9	9.72
15.1	0.06622516556291391	260.8955416666667	-17.813027777777776	27.0	-3.814	-3.381	6.72	10.22
9.2	0.10869565217391305	260.994125	-26.353416666666668	-176.9	-4.657	-0.522	359.59	5.43
5.6	0.17857142857142858	261.3712916666667	-48.42216666666667	-137.0	-2.172	-4.398	341.42	-7.17
25.0	0.04	261.78541666666666	-7.093055555555556	-140.2	-0.928	-1.407	16.54	15.15
7.5	0.13333333333333333	261.8879166666666	-30.802333333333333	109.0	-2.237	-6.21	356.32	2.3
3.5	0.2857142857142857	261.9343333333333	-5.079861111111111	-122.2	-0.363	-5.115	18.41	16.04
7.2	0.1388888888888889	262.6625	-31.59552777777778	-50.0	-5.386	-3.361	356.02	1.31
8.2	0.12195121951219513	262.77166666666665	-29.981666666666666	45.8	0.0	0.0	357.44	2.12
7.6	0.13157894736842105	262.97912499999995	-67.04833333333333	-13.1	-5.51	-4.75	325.55	-17.57
8.2	0.12195121951219513	263.3520833333333	-33.389	52.0	0.0	0.0	354.84	-0.16
10.9	0.09174311926605504	263.6166666666667	-39.06916666666667	-3.6	-2.142	-3.107	350.18	-3.42
6.7	0.14925373134328357	263.94916666666666	-30.469722222222224	114.0	2.967	-4.811	357.57	1.0
8.2	0.12195121951219513	264.04375000000005	-38.553333333333335	-184.4	-5.912	-0.548	350.8	-3.42
9.9	0.10101010101010101	264.0717916666667	-44.7355	80.1	-1.331	-2.672	345.56	-6.74
9.3	0.1075268817204301	264.4004166666667	-3.2459166666666666	-66.1	-3.64	-5.035	21.32	14.81
10.6	0.09433962264150944	264.6525	-23.9095	-65.0	-2.849	1.476	3.45	3.98
2.3	0.4347826086956522	265.17537500000003	-53.67433333333334	18.8	3.285	-17.621	338.17	-11.96
5.8	0.1724137931034483	265.9258333333333	-26.2225	181.0	-9.256	-5.33	2.1	1.78
20.6	0.04854368932038835	266.22770833333334	3.170138888888889	-162.0	-1.862	-2.994	28.09	16.23
13.7	0.07299270072992702	266.8679166666667	-33.065555555555555	-362.4	-5.158	-8.323	356.69	-2.47
6.9	0.14492753623188406	267.02000000000004	-24.779166666666665	-93.0	-1.56	-4.724	3.84	1.69
8.5	0.11764705882352941	267.21958333333333	-20.36025	-76.6	-1.07	-3.828	7.73	3.8
11.6	0.08620689655172414	267.5544166666666	-37.05144444444444	16.5	-2.568	-5.322	353.53	-5.01
6.8	0.14705882352941177	267.69325	-31.275388888888887	126.0	-5.634	-7.042	358.57	-2.16
11.6	0.08620689655172414	267.71541666666667	-34.59916666666667	-83.7	0.165	-5.895	355.72	-3.87
7.8	0.12820512820512822	268.6133333333333	-24.14527777777778	57.0	0.0	0.0	5.13	0.76
11.3	0.08849557522123894	269.76533333333333	-44.26594444444444	-112.7	-3.037	-9.239	348.03	-10.01
7.1	0.14084507042253522	270.4116666666667	-26.83972222222222	59.0	-2.197	-7.451	3.61	-1.99
6.3	0.15873015873015872	270.4545833333333	-27.825833333333332	0.0	0.515	-3.052	2.77	-2.5
10.6	0.09433962264150944	270.46049999999997	-8.958777777777778	-39.6	-1.498	-4.221	19.23	6.76
5.8	0.1724137931034483	270.9016666666667	-26.0725	0.0	-6.912	-2.409	4.49	-1.99
7.7	0.12987012987012986	270.89175	-30.03397222222222	-21.1	2.618	-6.431	1.02	-3.93
6.8	0.14705882352941177	270.96045833333335	0.2976388888888889	-215.1	-4.249	-2.9	27.18	10.44
7.9	0.12658227848101264	271.20683333333335	-30.056277777777776	206.6	-2.327	-5.527	1.14	-4.17
7.8	0.12820512820512822	271.207	-7.585861111111111	31.0	-6.865	-3.477	20.8	6.78
5.3	0.18867924528301888	271.53583333333336	-27.76527777777778	-17.7	-3.76	-2.799	3.29	-3.31
3.0	0.3333333333333333	271.83575	-24.997333333333334	-27.3	-2.349	-18.557	5.84	-2.2
7.5	0.13333333333333333	272.00983333333335	-43.714888888888886	-158.7	0.349	-8.843	349.29	-11.19
3.6	0.2777777777777778	272.090875	-19.829722222222223	0.0	0.0	0.0	10.48	0.11
21.4	0.04672897196261683	272.275	-46.42305555555556	0.0	0.0	0.0	346.9	-12.57
6.0	0.16666666666666666	272.3233333333333	-25.908694444444443	-3.2	0.246	-0.409	5.26	-3.03
4.9	0.2040816326530612	272.40208333333334	-20.77888888888889	-238.0	0.0	0.0	9.79	-0.61
7.4	0.13513513513513511	272.5733333333334	-31.76388888888889	-197.2	-1.81	-4.133	0.2	-6.02
5.4	0.18518518518518517	272.6841666666667	-7.207611111111111	155.7	0.0	0.0	21.83	5.67
4.8	0.20833333333333334	273.06583333333333	-22.741944444444446	94.1	-6.151	-2.679	8.37	-2.1
10.9	0.09174311926605504	273.41166666666663	-31.826888888888888	-28.1	-4.109	-7.267	0.48	-6.68
6.5	0.15384615384615385	273.52750000000003	-28.635	0.0	3.59	-3.573	3.36	-5.27
5.5	0.18181818181818182	274.62708333333336	-16.977222222222224	0.0	0.0	0.0	14.14	-0.64
13.5	0.07407407407407407	274.6566666666667	-52.21577777777778	222.9	-0.053	-7.185	342.14	-16.41
7.9	0.12658227848101264	275.91879166666666	-30.361027777777778	53.9	0.099	-6.904	2.79	-7.91
5.5	0.18181818181818182	276.13670833333333	-24.869777777777777	17.0	-0.301	-8.913	7.8	-5.58
9.4	0.10638297872340426	277.73375	-25.49747222222222	18.1	-2.55	-4.075	7.9	-7.15
8.8	0.11363636363636363	277.84625	-32.348083333333335	39.9	-5.113	-5.813	1.72	-10.27
8.1	0.1234567901234568	277.97541666666666	-23.475194444444444	-57.2	-0.189	-3.898	9.81	-6.44
10.0	0.1	278.940125	-32.990722222222225	-111.7	-5.506	-4.204	1.53	-11.38
3.2	0.3125	279.09975000000003	-23.90475	-146.3	9.833	-5.557	9.89	-7.55
12.8	0.078125	280.37458333333336	-19.825833333333332	-43.0	-2.031	-5.634	14.11	-6.79
9.0	0.1111111111111111	280.80316666666664	-32.29211111111111	220.3	1.458	-4.688	2.85	-12.51
4.2	0.23809523809523808	282.20708333333334	-1.4972222222222222	0.0	0.0	0.0	31.31	-0.1
6.9	0.14492753623188406	283.2679166666667	-8.706111111111111	-107.6	3.341	-4.384	25.35	-4.32
26.5	0.03773584905660377	283.763875	-30.479861111111113	141.3	-2.711	-1.355	5.61	-14.09
7.1	0.14084507042253522	283.7751666666667	-22.701472222222222	22.8	-3.106	-4.951	12.88	-10.9
8.7	0.1149425287356322	284.888125	-36.63225	-94.5	1.033	-2.445	0.07	-17.3
7.9	0.12658227848101264	286.31374999999997	1.9008333333333334	-61.7	-2.865	-5.987	36.2	-2.21
4.0	0.25	287.717125	-59.98455555555555	-26.7	-3.17	-4.043	336.49	-25.63
7.4	0.13513513513513511	287.8000416666667	1.0304722222222222	-27.5	-1.129	-3.561	36.11	-3.92
9.4	0.10638297872340426	289.1482083333333	30.18347222222222	-135.6	-2.02	1.644	62.66	8.34
22.8	0.043859649122807015	289.43300000000005	-34.65772222222222	166.0	-2.999	-1.586	3.39	-20.07
5.9	0.1694915254237288	289.50875	18.571666666666665	-31.7	-4.25	-6.924	52.43	2.72
28.6	0.03496503496503496	292.18379166666665	-30.35563888888889	115.0	-2.381	-1.51	8.55	-20.79
5.4	0.18518518518518517	294.99879166666665	-30.96475	174.7	-3.42	-9.269	8.79	-23.27
26.3	0.03802281368821293	295.4350416666667	-33.999472222222224	130.0	-2.472	-1.556	5.76	-24.56
13.4	0.07462686567164178	296.31	-8.007222222222222	-68.0	-1.821	-4.934	31.81	-15.57
4.0	0.25	298.44370833333335	18.779194444444446	-22.8	-3.415	-2.614	56.75	-4.56
20.9	0.04784688995215311	301.51954166666667	-21.921166666666668	-189.3	-0.559	-2.798	20.3	-25.75
15.6	0.06410256410256411	308.547375	7.404472222222222	-411.4	-2.636	-4.667	52.1	-18.89
17.0	0.058823529411764705	313.36541666666665	-12.537305555555555	-345.0	-1.233	-3.29	35.16	-32.68
41.2	0.024271844660194174	315.37241666666665	16.187333333333335	-384.1	-0.102	-0.569	63.77	-19.41
10.4	0.09615384615384615	322.49304166666667	12.167	-107.0	-0.643	-3.763	65.01	-27.31
11.5	0.08695652173913043	323.36258333333336	0.82325	-5.3	3.518	-2.145	53.37	-35.77
8.1	0.1234567901234568	325.0921666666667	-23.179861111111112	-184.2	-0.694	-7.271	27.18	-46.84
19.0	0.05263157894736842	326.66183333333333	-21.25261111111111	27.8	-3.249	-3.303	30.51	-47.68
26.0	0.038461538461538464	346.6851666666667	12.772	25.2	1.615	0.142	87.1	-42.7
26.3	0.03802281368821293	347.1109583333334	-15.6115	-177.5	0.799	-2.273	53.39	-63.48
