3.851	229.043	0.532
4.352	234.123	0.141
4.841	237.956	0.044
5.365	237.592	0.019
5.759	237.226	0.01
6.335	236.921	0.005
6.932	235.564	0.003
7.478	235.1	0.002
8.597	229.969	0.001
9.165	225.902	0.003
9.688	225.83	0.004
10.193	225.692	0.007
10.694	224.723	0.012
11.19	223.799	0.022
11.682	223.938	0.042
12.179  220.775 0.095
12.670  217.487 0.204
13.151  212.951 0.705
18.74	209.6	2.54
19.22	206.45	2.45
19.71	201.91	2.625
20.27	199.84	3.02
20.78	198.14	3.35
21.24	195.3	6.245
21.8	213.67	13.78
22.14	176.97	23.575
22.73	193.11	23.345
23.66	176.63	17.705
24.82	198.42	6.31

