NGC 129		120.2701	1.4566		1625	-39.41
NGC 381       	294.3672	0.187		1148	-29.76
NGC 457		303.2056	0.2577		2429	-32.99
NGC 884		141.2419       -10.6452		2345	-19.35
NGC 957		124.6487       -13.4947		1815	-34.34
NGC 1528 	152.0568	0.2577		776	-16.9
NGC 1662	187.6949       -21.1142		437	-12.16
Stock 8		173.3194	-0.2808		1821	-18.01
NGC 1960	174.5344	1.072		1318	-17.83
NGC 2099	177.6353	3.0913		1383	8.51
Kharchenko1	186.5813	2.1705		2520	12.74
NGC 2215	215.9932       -10.1024		1293	-10.98
NGC 2264	202.9357	2.1957		667	24.06
NGC 2301	212.558		0.2791		872	8.25
NGC 2323	221.6722	-1.3311		929	14.65
NGC 2354	238.3683	-6.7918		4085	32.89
NGC 2353	224.6853	0.3841		1119	20.16
NGC 2423	230.4835	3.5368		766	22.48
NGC 2437	231.8575	4.0644		1375	46.99
NGC 2447	240.0386	0.1345		1037	22.38
NGC 2482	241.6257	2.0345		1343	34.88
NGC 2516	273.8157       -15.8558		409	23.8
NGC 2527	246.0873	1.8549		601	38.73
NGC 2547	264.4648	-8.5974		455	14.22
NGC 2539	233.7053	11.1115		1363	28.36
NGC 2546	254.8551	-1.9859		919	18.74
NGC 2548	227.8724	15.3928		769	8.39
NGC 2567	249.795		2.9609		1677	35.63
NGC 2579	254.6741	0.2126		1033	1.5
NGC 2670	262.1476	0.7868		1188	15.74
NGC 2669	267.4854	-3.625		1046	20.56
Trumpler10	262.7906	0.674		424	27.62
NGC 2682	122.9232	-27.04		908	33.67
Collinder205	269.2091	-1.8434		1853	27.4
IC 2488		277.8298	-4.4192		1134	-1.84
NGC 2925	274.6855	1.757		774	-0.25
NGC 3680	124.939		-1.2226		938	1.06
NGC 5281	309.0102	-2.4915		1108	-19.62
NGC 5316	311.6017	2.1144		1215	-13.55
NGC 5460	316.3148	5.6067		678	-8.63
Lynga 2		313.8642	-0.4544		1000	-9.64
NGC 5617	317.5264	2.0851		1533	-35.95
NGC 5662	319.5288	4.5444		666	-14.46
NGC 5822	324.361		1.7201		917	-29.46
NGC 5823	343.8165	19.8092		1192	-30.09
NGC 6025	329.7454	-2.2048		756	16.1
NGC 6031	327.7257	-5.4256		1823	-6.23
NGC 6067	127.7404	2.087		1417	-39.83
Harvard 10	329.8356	-3.2844		1312	-18.17
NGC 6124	332.9179	-3.1668		512	-19.89
NGC 6134	335.2223	-1.4272		913	-27.3
Ruprecht 119	333.2758	-1.8794		956	-12.77
NGC 6167	338.4047	1.2106		1108	-20.53
NGC 6281	345.2791	-3.0564		479	-6.33
NGC 6405	356.9316	-1.5491		487	-8.27
NGC 6416	357.9402	-1.6054		741	-27.02
NCG 6603	15.8996		0.3505		3600	21.33
IC 4756		36.3807		5.2422		484	-24.44
NGC 6705	15.3951		-9.5927		1877	30.48
NGC 6811	73.9778		8.4808		1215	6.03
NGC 6866	60.3897		-6.0501		1450	12.18
NGC 6885	66.1352		-6.3113		597	-1.6
Berkeley 86	76.6667		1.2725		1112	-25.54
Platais	1	92.5613		-1.6461		1268	-26.73
NGC 7209	102.701		0.782		1168	-20.50
