  -5.0000000000000000        0.0000000000000000     
  -4.8999999985098839       0.99498744444497289     
  -4.7999999970197678        1.4000000102179391     
  -4.6999999955296516        1.7058722232398518     
  -4.5999999940395355        1.9595918082183017     
  -4.4999999925494194        2.1794494871538603     
  -4.3999999910593033        2.3748684339723183     
  -4.2999999895691872        2.5514701820136936     
  -4.1999999880790710        2.7129320117053806     
  -4.0999999865889549        2.8618176234642503     
  -3.9999999850988388        3.0000000198682146     
  -3.8999999836087227        3.1288975898632354     
  -3.7999999821186066        3.2496153827643339     
  -3.6999999806284904        3.3630343654725223     
  -3.5999999791383743        3.4698703362234884     
  -3.4999999776482582        3.5707142361805140     
  -3.3999999761581421        3.6660605780762316     
  -3.2999999746680260        3.7563280164531729     
  -3.1999999731779099        3.8418745648005448     
  -3.0999999716877937        3.9230090715591874     
  -2.9999999701976776        4.0000000223517418     
  -2.8999999687075615        4.0730823931632099     
  -2.7999999672174454        4.1424630576001888     
  -2.6999999657273293        4.2083251044890080     
  -2.5999999642372131        4.2708313225842218     
  -2.4999999627470970        4.3301270404301668     
  -2.3999999612569809        4.3863424610906172     
  -2.2999999597668648        4.4395945969280142     
  -2.1999999582767487        4.4899888845722442     
  -2.0999999567866325        4.5376205418144142     
  -1.9999999552965164        4.5825757144660395     
  -1.8999999538064003        4.6249324509159786     
  -1.7999999523162842        4.6647615342760425     
  -1.6999999508261681        4.7021271959817321     
  -1.5999999493360519        4.7370877300430729     
  -1.4999999478459358        4.7696960234864223     
  -1.3999999463558197        4.8000000156462193     
  -1.2999999448657036        4.8280430966747971     
  -1.1999999433755875        4.8538644538036477     
  -1.0999999418854713        4.8774993724091820     
 -0.99999994039535522        4.8989794977331034     
 -0.89999993890523911        4.9183330621228336     
 -0.79999993741512299        4.9355850818454945     
 -0.69999993592500687        4.9507575268543489     
 -0.59999993443489075        4.9638694663214231     
 -0.49999993294477463        4.9749371922724031     
 -0.39999993145465851        4.9839743232521041     
 -0.29999992996454239        4.9909918895968231     
 -0.19999992847442627        4.9959984015820327     
 -9.99999269843101501E-002   4.9989999014406008     
  7.45058059692382813E-008   4.9999999999999991     
  0.10000007599592209        4.9989998984597719     
  0.20000007748603821        4.9959983956167937     
  0.30000007897615433        4.9909918806399896     
  0.40000008046627045        4.9839743112928439     
  0.50000008195638657        4.9749371772961721     
  0.60000008344650269        4.9638694483098753     
  0.70000008493661880        4.9507575057852238     
  0.80000008642673492        4.9355850576924736     
  0.90000008791685104        4.9183330348553724     
   1.0000000894069672        4.8989794673162343     
   1.1000000908970833        4.8774993388032772     
   1.2000000923871994        4.8538644169641483     
   1.3000000938773155        4.8280430565518957     
   1.4000000953674316        4.7999999721844979     
   1.5000000968575478        4.7696959766244378     
   1.6000000983476639        4.7370876797128707     
   1.7000000998377800        4.7021271421082966     
   1.8000001013278961        4.6647614767766594     
   1.9000001028180122        4.6249323896995014     
   2.0000001043081284        4.5825756494320391     
   2.1000001057982445        4.5376204728521934     
   2.2000001072883606        4.4899888115596909     
   2.3000001087784767        4.4395945197302646     
   2.4000001102685928        4.3863423795584788     
   2.5000001117587090        4.3301269543982706     
   2.6000001132488251        4.2708312318688151     
   2.7000001147389412        4.2083250088853292     
   2.8000001162290573        4.1424629568793083     
   2.9000001177191734        4.0730822870682077     
   3.0000001192092896        3.9999999105930302     
   3.1000001206994057        3.9230089538087558     
   3.2000001221895218        3.8418744406847871     
   3.3000001236796379        3.7563278855438558     
   3.4000001251697540        3.6660604398789793     
   3.5000001266598701        3.5707140901199153     
   3.6000001281499863        3.4698701816235262     
   3.7000001296401024        3.3630342015304016     
   3.8000001311302185        3.2496152085147441     
   3.9000001326203346        3.1288974041283892     
   4.0000001341104507        2.9999998211860572     
   4.1000001356005669        2.8618174099818692     
   4.2000001370906830        2.7129317810144515     
   4.3000001385807991        2.5514699308839814     
   4.4000001400709152        2.3748681578933866     
   4.5000001415610313        2.1794491794833615     
   4.6000001430511475        1.9595914584242866     
   4.7000001445412636        1.7058718126846757     
   4.8000001460313797        1.3999994993208866     
   4.9000001475214958       0.99498671060940269     
   5.0000000000000000       -0.0000000000000000     
   4.8999999985098839      -0.99498744444497289     
   4.7999999970197678       -1.4000000102179391     
   4.6999999955296516       -1.7058722232398518     
   4.5999999940395355       -1.9595918082183017     
   4.4999999925494194       -2.1794494871538603     
   4.3999999910593033       -2.3748684339723183     
   4.2999999895691872       -2.5514701820136936     
   4.1999999880790710       -2.7129320117053806     
   4.0999999865889549       -2.8618176234642503     
   3.9999999850988388       -3.0000000198682146     
   3.8999999836087227       -3.1288975898632354     
   3.7999999821186066       -3.2496153827643339     
   3.6999999806284904       -3.3630343654725223     
   3.5999999791383743       -3.4698703362234884     
   3.4999999776482582       -3.5707142361805140     
   3.3999999761581421       -3.6660605780762316     
   3.2999999746680260       -3.7563280164531729     
   3.1999999731779099       -3.8418745648005448     
   3.0999999716877937       -3.9230090715591874     
   2.9999999701976776       -4.0000000223517418     
   2.8999999687075615       -4.0730823931632099     
   2.7999999672174454       -4.1424630576001888     
   2.6999999657273293       -4.2083251044890080     
   2.5999999642372131       -4.2708313225842218     
   2.4999999627470970       -4.3301270404301668     
   2.3999999612569809       -4.3863424610906172     
   2.2999999597668648       -4.4395945969280142     
   2.1999999582767487       -4.4899888845722442     
   2.0999999567866325       -4.5376205418144142     
   1.9999999552965164       -4.5825757144660395     
   1.8999999538064003       -4.6249324509159786     
   1.7999999523162842       -4.6647615342760425     
   1.6999999508261681       -4.7021271959817321     
   1.5999999493360519       -4.7370877300430729     
   1.4999999478459358       -4.7696960234864223     
   1.3999999463558197       -4.8000000156462193     
   1.2999999448657036       -4.8280430966747971     
   1.1999999433755875       -4.8538644538036477     
   1.0999999418854713       -4.8774993724091820     
  0.99999994039535522       -4.8989794977331034     
  0.89999993890523911       -4.9183330621228336     
  0.79999993741512299       -4.9355850818454945     
  0.69999993592500687       -4.9507575268543489     
  0.59999993443489075       -4.9638694663214231     
  0.49999993294477463       -4.9749371922724031     
  0.39999993145465851       -4.9839743232521041     
  0.29999992996454239       -4.9909918895968231     
  0.19999992847442627       -4.9959984015820327     
  9.99999269843101501E-002  -4.9989999014406008     
 -7.45058059692382813E-008  -4.9999999999999991     
 -0.10000007599592209       -4.9989998984597719     
 -0.20000007748603821       -4.9959983956167937     
 -0.30000007897615433       -4.9909918806399896     
 -0.40000008046627045       -4.9839743112928439     
 -0.50000008195638657       -4.9749371772961721     
 -0.60000008344650269       -4.9638694483098753     
 -0.70000008493661880       -4.9507575057852238     
 -0.80000008642673492       -4.9355850576924736     
 -0.90000008791685104       -4.9183330348553724     
  -1.0000000894069672       -4.8989794673162343     
  -1.1000000908970833       -4.8774993388032772     
  -1.2000000923871994       -4.8538644169641483     
  -1.3000000938773155       -4.8280430565518957     
  -1.4000000953674316       -4.7999999721844979     
  -1.5000000968575478       -4.7696959766244378     
  -1.6000000983476639       -4.7370876797128707     
  -1.7000000998377800       -4.7021271421082966     
  -1.8000001013278961       -4.6647614767766594     
  -1.9000001028180122       -4.6249323896995014     
  -2.0000001043081284       -4.5825756494320391     
  -2.1000001057982445       -4.5376204728521934     
  -2.2000001072883606       -4.4899888115596909     
  -2.3000001087784767       -4.4395945197302646     
  -2.4000001102685928       -4.3863423795584788     
  -2.5000001117587090       -4.3301269543982706     
  -2.6000001132488251       -4.2708312318688151     
  -2.7000001147389412       -4.2083250088853292     
  -2.8000001162290573       -4.1424629568793083     
  -2.9000001177191734       -4.0730822870682077     
  -3.0000001192092896       -3.9999999105930302     
  -3.1000001206994057       -3.9230089538087558     
  -3.2000001221895218       -3.8418744406847871     
  -3.3000001236796379       -3.7563278855438558     
  -3.4000001251697540       -3.6660604398789793     
  -3.5000001266598701       -3.5707140901199153     
  -3.6000001281499863       -3.4698701816235262     
  -3.7000001296401024       -3.3630342015304016     
  -3.8000001311302185       -3.2496152085147441     
  -3.9000001326203346       -3.1288974041283892     
  -4.0000001341104507       -2.9999998211860572     
  -4.1000001356005669       -2.8618174099818692     
  -4.2000001370906830       -2.7129317810144515     
  -4.3000001385807991       -2.5514699308839814     
  -4.4000001400709152       -2.3748681578933866     
  -4.5000001415610313       -2.1794491794833615     
  -4.6000001430511475       -1.9595914584242866     
  -4.7000001445412636       -1.7058718126846757     
  -4.8000001460313797       -1.3999994993208866     
  -4.9000001475214958      -0.99498671060940269     
  -5.0000000000000000        0.0000000    
