  -2.0000000000000000        0.0000000000000000     
  -1.8999999985098839       0.62449980437342112     
  -1.7999999970197678       0.87177979486154422     
  -1.6999999955296516        1.0535653824984876     
  -1.5999999940395355        1.2000000079472859     
  -1.4999999925494194        1.3228756639804595     
  -1.3999999910593033        1.4282856944722055     
  -1.2999999895691872        1.5198684242789287     
  -1.1999999880790710        1.6000000089406967     
  -1.0999999865889549        1.6703293176808873     
 -0.99999998509883881        1.7320508161720667     
 -0.89999998360872269        1.7860571182087932     
 -0.79999998211860657        1.8330302857864158     
 -0.69999998062849045        1.8734994067573421     
 -0.59999997913837433        1.9078784093945689     
 -0.49999997764825821        1.9364916788749031     
 -0.39999997615814209        1.9595917990932412     
 -0.29999997466802597        1.9773719971717976     
 -0.19999997317790985        1.9899748769089611     
 -9.99999716877937317E-002   1.9974984369612008     
  2.98023223876953125E-008   1.9999999999999998     
  0.10000003129243851        1.9974984339772364     
  0.20000003278255463        1.9899748709184690     
  0.30000003427267075        1.9773719881287881     
  0.40000003576278687        1.9595917869264938     
  0.50000003725290298        1.9364916634850500     
  0.60000003874301910        1.9078783906497749     
  0.70000004023313522        1.8734993844871177     
  0.80000004172325134        1.8330302597728156     
  0.90000004321336746        1.7860570881738178     
   1.0000000447034836        1.7320507817593083     
   1.1000000461935997        1.6703292784280825     
   1.2000000476837158        1.5999999642372120     
   1.3000000491738319        1.5198683732968572     
   1.4000000506639481        1.4282856360479661     
   1.5000000521540642        1.3228755963951428     
   1.6000000536441803        1.1999999284744229     
   1.7000000551342964        1.0535652863222995     
   1.8000000566244125       0.87177967179334459     
   1.9000000581145287       0.62449962303014062     
   2.0000000000000000       -0.0000000000000000     
   1.8999999985098839      -0.62449980437342112     
   1.7999999970197678      -0.87177979486154422     
   1.6999999955296516       -1.0535653824984876     
   1.5999999940395355       -1.2000000079472859     
   1.4999999925494194       -1.3228756639804595     
   1.3999999910593033       -1.4282856944722055     
   1.2999999895691872       -1.5198684242789287     
   1.1999999880790710       -1.6000000089406967     
   1.0999999865889549       -1.6703293176808873     
  0.99999998509883881       -1.7320508161720667     
  0.89999998360872269       -1.7860571182087932     
  0.79999998211860657       -1.8330302857864158     
  0.69999998062849045       -1.8734994067573421     
  0.59999997913837433       -1.9078784093945689     
  0.49999997764825821       -1.9364916788749031     
  0.39999997615814209       -1.9595917990932412     
  0.29999997466802597       -1.9773719971717976     
  0.19999997317790985       -1.9899748769089611     
  9.99999716877937317E-002  -1.9974984369612008     
 -2.98023223876953125E-008  -1.9999999999999998     
 -0.10000003129243851       -1.9974984339772364     
 -0.20000003278255463       -1.9899748709184690     
 -0.30000003427267075       -1.9773719881287881     
 -0.40000003576278687       -1.9595917869264938     
 -0.50000003725290298       -1.9364916634850500     
 -0.60000003874301910       -1.9078783906497749     
 -0.70000004023313522       -1.8734993844871177     
 -0.80000004172325134       -1.8330302597728156     
 -0.90000004321336746       -1.7860570881738178     
  -1.0000000447034836       -1.7320507817593083     
  -1.1000000461935997       -1.6703292784280825     
  -1.2000000476837158       -1.5999999642372120     
  -1.3000000491738319       -1.5198683732968572     
  -1.4000000506639481       -1.4282856360479661     
  -1.5000000521540642       -1.3228755963951428     
  -1.6000000536441803       -1.1999999284744229     
  -1.7000000551342964       -1.0535652863222995     
  -1.8000000566244125      -0.87177967179334459     
  -1.9000000581145287      -0.62449962303014062     
  -2.0000000000000000        0.0000000    
