  -20.000000000000000        0.0000000000000000     
  -19.899999998509884        1.9974984503890414     
  -19.799999997019768        2.8213472168482201     
  -19.699999995529652        3.4510868108657777     
  -19.599999994039536        3.9799497777798916     
  -19.499999992549419        4.4440972413497706     
  -19.399999991059303        4.8620983481310853     
  -19.299999989569187        5.2449976551595690     
  -19.199999988079071        5.6000000408717563     
  -19.099999986588955        5.9321160231659258     
  -18.999999985098839        6.2449980437342116     
  -18.899999983608723        6.5414066239296176     
  -18.799999982118607        6.8234888929594071     
  -18.699999980628490        7.0929543015935508     
  -18.599999979138374        7.3511904325797790     
  -18.499999977648258        7.5993421311988874     
  -18.399999976158142        7.8383672328732068     
  -18.299999974668026        8.0690768323985029     
  -18.199999973177910        8.2921650355214283     
  -18.099999971687794        8.5082313687923339     
  -17.999999970197678        8.7177979486154413     
  -17.899999968707561        8.9213228346624298     
  -17.799999967217445        9.1192105561314314     
  -17.699999965727329        9.3118205101501257     
  -17.599999964237213        9.4994737358892731     
  -17.499999962747097        9.6824584328491490     
  -17.399999961256981        9.8610344968597019     
  -17.299999959766865        10.035437279564178     
  -17.199999958276749        10.205880728054774     
  -17.099999956786633        10.372560025273277     
  -16.999999955296516        10.535653824984875     
  -16.899999953806400        10.695326154977401     
  -16.799999952316284        10.851728046821522     
  -16.699999950826168        11.004998938773506     
  -16.599999949336052        11.155267889299793     
  -16.499999947845936        11.302654631593594     
  -16.399999946355820        11.447270493857001     
  -16.299999944865704        11.589219205683275     
  -16.199999943375587        11.728597607328464     
  -16.099999941885471        11.865496275811131     
  -15.999999940395355        12.000000079472859     
  -15.899999938905239        12.132188670755719     
  -15.799999937415123        12.262136925417288     
  -15.699999935925007        12.389915335140705     
  -15.599999934434891        12.515590359452942     
  -15.499999932944775        12.639224741997113     
  -15.399999931454659        12.760877795480862     
  -15.299999929964542        12.880605659016387     
  -15.199999928474426        12.998461531057336     
  -15.099999926984310        13.114495880706732     
  -14.999999925494194        13.228756639804596     
  -14.899999924004078        13.341289377892920     
  -14.799999922513962        13.452137461890089     
  -14.699999921023846        13.561342202079370     
  -14.599999919533730        13.668942985820633     
  -14.499999918043613        13.774977400225932     
  -14.399999916553497        13.879481344893954     
  -14.299999915063381        13.982489135672063     
  -14.199999913573265        14.084033600304966     
  -14.099999912083149        14.184146166733308     
  -13.999999910593033        14.282856944722056     
  -13.899999909102917        14.380194801425288     
  -13.799999907612801        14.476187431429819     
  -13.699999906122684        14.570861421763588     
  -13.599999904632568        14.664242312304927     
  -13.499999903142452        14.756354651984811     
  -13.399999901652336        14.847222051135269     
  -13.299999900162220        14.936867230302509     
  -13.199999898672104        15.025312065812692     
  -13.099999897181988        15.112577632350872     
  -12.999999895691872        15.198684242789286     
  -12.899999894201756        15.283651485479336     
  -12.799999892711639        15.367498259202179     
  -12.699999891221523        15.450242805955293     
  -12.599999889731407        15.531902741736717     
  -12.499999888241291        15.612495085474574     
  -12.399999886751175        15.692036286236750     
  -12.299999885261059        15.770542248844139     
  -12.199999883770943        15.848028358000530     
  -12.099999882280827        15.924509501042850     
  -11.999999880790710        16.000000089406967     
  -11.899999879300594        16.074514078896627     
  -11.799999877810478        16.148064988836051     
  -11.699999876320362        16.220665920180451     
  -11.599999874830246        16.292329572652839     
  -11.499999873340130        16.363068260970405     
  -11.399999871850014        16.432893930218732     
  -11.299999870359898        16.501818170427956     
  -11.199999868869781        16.569852230400755     
  -11.099999867379665        16.637007030838554     
  -10.999999865889549        16.703293176808874     
  -10.899999864399433        16.768720969593726     
  -10.799999862909317        16.833300417956032     
  -10.699999861419201        16.897041248858603     
  -10.599999859929085        16.959952917667650     
  -10.499999858438969        17.022044617870723     
  -10.399999856948853        17.083325290336887     
  -10.299999855458736        17.143803632145055     
  -10.199999853968620        17.203488105004755     
  -10.099999852478504        17.262386943291887     
  -9.9999998509883881        17.320508161720667     
  -9.8999998494982719        17.377859562671524     
  -9.7999998480081558        17.434448743193464     
  -9.6999998465180397        17.490283101698211     
  -9.5999998450279236        17.545369844362469     
  -9.4999998435378075        17.599715991253429     
  -9.3999998420476913        17.653328382191937     
  -9.2999998405575752        17.706213682366680     
  -9.1999998390674591        17.758378387712057     
  -9.0999998375773430        17.809828830061573     
  -8.9999998360872269        17.860571182087931     
  -8.8999998345971107        17.910611462040357     
  -8.7999998331069946        17.959955538288977     
  -8.6999998316168785        18.008609133685653     
  -8.5999998301267624        18.056577829750012     
  -8.4999998286366463        18.103867070688985     
  -8.3999998271465302        18.150482167257657     
  -8.2999998256564140        18.196428300468845     
  -8.1999998241662979        18.241710525158343     
  -8.0999998226761818        18.286333773412476     
  -7.9999998211860657        18.330302857864158     
  -7.8999998196959496        18.373622474863360     
  -7.7999998182058334        18.416297207527602     
  -7.6999998167157173        18.458331528677718     
  -7.5999998152256012        18.499729803663914     
  -7.4999998137354851        18.540496293086864     
  -7.3999998122453690        18.580635155418356     
  -7.2999998107552528        18.620150449525731     
  -7.1999998092651367        18.659046137104170     
  -7.0999998077750206        18.697326085020677     
  -6.9999998062849045        18.734994067573421     
  -6.8999998047947884        18.772053768669849     
  -6.7999998033046722        18.808508783926928     
  -6.6999998018145561        18.844362622696607     
  -6.5999998003244400        18.879618710019471     
  -6.4999997988343239        18.914280388509464     
  -6.3999997973442078        18.948350920172292     
  -6.2999997958540916        18.981833488160156     
  -6.1999997943639755        19.014731198465221     
  -6.0999997928738594        19.047047081554108     
  -5.9999997913837433        19.078784093945689     
  -5.8999997898936272        19.109945119734256     
  -5.7999997884035110        19.140532972060083     
  -5.6999997869133949        19.170550394529293     
  -5.5999997854232788        19.200000062584877     
  -5.4999997839331627        19.228884584830581     
  -5.3999997824430466        19.257206504309369     
  -5.2999997809529305        19.284968299737983     
  -5.1999997794628143        19.312172386699189     
  -5.0999997779726982        19.338821118793110     
  -4.9999997764825821        19.364916788749031     
  -4.8999997749924660        19.390461629499018     
  -4.7999997735023499        19.415457815214591     
  -4.6999997720122337        19.439907462307659     
  -4.5999997705221176        19.463812630396863     
  -4.4999997690320015        19.487175323240461     
  -4.3999997675418854        19.509997489636728     
  -4.2999997660517693        19.532281024292956     
  -4.1999997645616531        19.554027768663982     
  -4.0999997630715370        19.575239511761112     
  -3.9999997615814209        19.595917990932413     
  -3.8999997600913048        19.616064892615128     
  -3.7999997586011887        19.635681853061048     
  -3.6999997571110725        19.654770459035589     
  -3.5999997556209564        19.673332248491334     
  -3.4999997541308403        19.691368711216700     
  -3.3999997526407242        19.708881289460418     
  -3.2999997511506081        19.725871378532457     
  -3.1999997496604919        19.742340327381978     
  -3.0999997481703758        19.758289439152964     
  -2.9999997466802597        19.773719971717977     
  -2.8999997451901436        19.788633138190651     
  -2.7999997437000275        19.803030107417396     
  -2.6999997422099113        19.816912004448785     
  -2.5999997407197952        19.830279910991095     
  -2.4999997392296791        19.843134865838401     
  -2.3999997377395630        19.855477865285692     
  -2.2999997362494469        19.867309863523356     
  -2.1999997347593307        19.878631773013424     
  -2.0999997332692146        19.889444464847912     
  -1.9999997317790985        19.899748769089612     
  -1.8999997302889824        19.909545475095651     
  -1.7999997287988663        19.918835331824098     
  -1.6999997273087502        19.927619048123891     
  -1.5999997258186340        19.935897293008416     
  -1.4999997243285179        19.943670695912886     
  -1.3999997228384018        19.950939846935842     
  -1.2999997213482857        19.957705297064951     
  -1.1999997198581696        19.963967558387292     
  -1.0999997183680534        19.969727104284381     
 -0.99999971687793732        19.974984369612010     
 -0.89999971538782120        19.979739750865171     
 -0.79999971389770508        19.983993606328131     
 -0.69999971240758896        19.987746256209810     
 -0.59999971091747284        19.990997982764615     
 -0.49999970942735672        19.993749030398789     
 -0.39999970793724060        19.995999605762403     
 -0.29999970644712448        19.997749877827047     
 -0.19999970495700836        19.998999977949325     
 -9.99997034668922424E-002   19.999749999920162     
  2.98023223876953125E-007   19.999999999999996     
  0.10000029951334000        19.999749996939894     
  0.20000030100345612        19.998999971988564     
  0.30000030249357224        19.997749868885343     
  0.40000030398368835        19.995999593839088     
  0.50000030547380447        19.993749015492970     
  0.60000030696392059        19.990997964875170     
  0.70000030845403671        19.987746235335393     
  0.80000030994415283        19.983993582467175     
  0.90000031143426895        19.979739724015882     
   1.0000003129243851        19.974984339772362     
   1.1000003144145012        19.969727071452127     
   1.2000003159046173        19.963967522559958     
   1.3000003173947334        19.957705258239827     
   1.4000003188848495        19.950939805109993     
   1.5000003203749657        19.943670651083139     
   1.6000003218650818        19.935897245171375     
   1.7000003233551979        19.927618997275921     
   1.8000003248453140        19.918835277961328     
   1.9000003263354301        19.909545418213980     
   2.0000003278255463        19.899748709184689     
   2.1000003293156624        19.889444401915156     
   2.2000003308057785        19.878631707048008     
   2.3000003322958946        19.867309794520214     
   2.4000003337860107        19.855477793239501     
   2.5000003352761269        19.843134790743605     
   2.6000003367662430        19.830279832841882     
   2.7000003382563591        19.816911923239090     
   2.8000003397464752        19.803030023140895     
   2.9000003412365913        19.788633050840769     
   3.0000003427267075        19.773719881287882     
   3.1000003442168236        19.758289345635557     
   3.2000003457069397        19.742340230769894     
   3.3000003471970558        19.725871278818062     
   3.4000003486871719        19.708881186635814     
   3.5000003501772881        19.691368605273706     
   3.6000003516674042        19.673332139421490     
   3.7000003531575203        19.654770346830162     
   3.8000003546476364        19.635681737711014     
   3.9000003561377525        19.616064774111177     
   4.0000003576278687        19.595917869264937     
   4.1000003591179848        19.575239386920213     
   4.2000003606081009        19.554027640639454     
   4.3000003620982170        19.532280893074297     
   4.4000003635883331        19.509997355213109     
   4.5000003650784492        19.487175185600755     
   4.6000003665685654        19.463812489529616     
   4.7000003680586815        19.439907318201090     
   4.8000003695487976        19.415457667856593     
   4.9000003710389137        19.390461478877146     
   5.0000003725290298        19.364916634850498     
   5.1000003740191460        19.338820961604785     
   5.2000003755092621        19.312172226207583     
   5.3000003769993782        19.284968135929248     
   5.4000003784894943        19.257206337169297     
   5.5000003799796104        19.228884414344588     
   5.6000003814697266        19.199999888737992     
   5.7000003829598427        19.170550217306172     
   5.8000003844499588        19.140532791444976     
   5.9000003859400749        19.109944935711013     
   6.0000003874301910        19.078783906497751     
   6.1000003889203072        19.047046890664497     
   6.2000003904104233        19.014731004116534     
   6.3000003919005394        18.981833290334553     
   6.4000003933906555        18.948350718851483     
   6.5000003948807716        18.914280183674709     
   6.6000003963708878        18.879618501651567     
   6.7000003978610039        18.844362410775865     
   6.8000003993511200        18.808508568433187     
   6.9000004008412361        18.772053549582441     
   7.0000004023313522        18.734993844871177     
   7.1000004038214684        18.697325858681904     
   7.2000004053115845        18.659045907106638     
   7.3000004068017006        18.620150215846675     
   7.4000004082918167        18.580634918034448     
   7.5000004097819328        18.540496051974198     
   7.6000004112720490        18.499729558798006     
   7.7000004127621651        18.458331280033484     
   7.8000004142522812        18.416296955079332     
   7.9000004157423973        18.373622218584718     
   8.0000004172325134        18.330302597728156     
   8.1000004187226295        18.286333509391465     
   8.2000004202127457        18.241710257223986     
   8.3000004217028618        18.196428028592102     
   8.4000004231929779        18.150481891408774     
   8.5000004246830940        18.103866790837454     
   8.6000004261732101        18.056577545864570     
   8.7000004276633263        18.008608845734251     
   8.8000004291534424        17.959955246238763     
   8.9000004306435585        17.910611165857642     
   9.0000004321336746        17.860570881738177     
   9.1000004336237907        17.809828525509356     
   9.2000004351139069        17.758378078921059     
   9.3000004366040230        17.706213369299629     
   9.4000004380941391        17.653328064810612     
   9.5000004395842552        17.599715669518613     
   9.6000004410743713        17.545369518233915     
   9.7000004425644875        17.490282771134627     
   9.8000004440546036        17.434448408152452     
   9.9000004455447197        17.377859223109571     
   10.000000447034836        17.320507817593082     
   10.100000448524952        17.262386594552787     
   10.200000450015068        17.203487751607010     
   10.300000451505184        17.143803274040245     
   10.400000452995300        17.083324927475260     
   10.500000454485416        17.022044250201152     
   10.600000455975533        16.959952545137575     
   10.700000457465649        16.897040871413992     
   10.800000458955765        16.833300035541317     
   10.900000460445881        16.768720582151747     
   11.000000461935997        16.703292784280823     
   11.100000463426113        16.637006633163914     
   11.200000464916229        16.569851827517233     
   11.300000466406345        16.501817762271415     
   11.400000467896461        16.432893516723112     
   11.500000469386578        16.363067842067650     
   11.600000470876694        16.292329148272831     
   11.700000472366810        16.220665490250898     
   11.800000473856926        16.148064553282424     
   11.900000475347042        16.074513637642049     
   12.000000476837158        15.999999642372121     
   12.100000478327274        15.924509048145872     
   12.200000479817390        15.848027899156900     
   12.300000481307507        15.770541783966559     
   12.400000482797623        15.692035815235023     
   12.500000484287739        15.612494608255476     
   12.600000485777855        15.531902258203848     
   12.700000487267971        15.450242316008939     
   12.800000488758087        15.367497762739148     
   12.900000490248203        15.283650982392791     
   13.000000491738319        15.198683732968570     
   13.100000493228436        15.112577115681320     
   13.200000494718552        15.025311542175423     
   13.300000496208668        14.936866699574217     
   13.400000497698784        14.847221513187993     
   13.500000499188900        14.756354106685684     
   13.600000500679016        14.664241759515917     
   13.700000502169132        14.570860861341224     
   13.800000503659248        14.476186863224877     
   13.900000505149364        14.380194225282475     
   14.000000506639481        14.282856360479661     
   14.100000508129597        14.184145574222830     
   14.200000509619713        14.084032999350715     
   14.300000511109829        13.982488526090719     
   14.400000512599945        13.879480726494105     
   14.500000514090061        13.774976772807566     
   14.600000515580177        13.668942349174589     
   14.700000517070293        13.561341555986749     
   14.800000518560410        13.452136806121606     
   14.900000520050526        13.341288712208206     
   15.000000521540642        13.228755963951428     
   15.100000523030758        13.114495194420211     
   15.200000524520874        12.998460834058976     
   15.300000526010990        12.880604951013110     
   15.400000527501106        12.760877076163913     
   15.500000528991222        12.639224011040861     
   15.600000530481339        12.515589616513557     
   15.700000531971455        12.389914579854699     
   15.800000533461571        12.262136157399905     
   15.900000534951687        12.132187889599141     
   16.000000536441803        11.999999284744229     
   16.100000537931919        11.865495467050330     
   16.200000539422035        11.728596784045642     
   16.300000540912151        11.589218367356082     
   16.400000542402267        11.447269639927477     
   16.500000543892384        11.302653761464653     
   16.600000545382500        11.155267002331263     
   16.700000546872616        11.004998034277623     
   16.800000548362732        10.851727124057806     
   16.900000549852848        10.695325213146790     
   17.000000551342964        10.535652863222996     
   17.100000552833080        10.372559042642676     
   17.200000554323196        10.205879723535926     
   17.300000555813313        10.035436252045004     
   17.400000557303429        9.8610334451233044     
   17.500000558793545        9.6824573555593627     
   17.600000560283661        9.4994726315735463     
   17.700000561773777        9.3118193771790896     
   17.800000563263893        9.1192093926943620     
   17.900000564754009        8.9213216387375116     
   18.000000566244125        8.7177967179334459     
   18.100000567734241        8.5082301007918293     
   18.200000569224358        8.2921637272929587     
   18.300000570714474        8.0690754806142397     
   18.400000572204590        7.8383658336971465     
   18.500000573694706        7.5993406801705863     
   18.600000575184822        7.3511889244614226     
   18.700000576674938        7.0929527301651305     
   18.800000578165054        6.8234872507387028     
   18.900000579655170        6.5414049017802149     
   19.000000581145287        6.2449962303014059     
   19.100000582635403        5.9321141040380603     
   19.200000584125519        5.5999979972835465     
   19.300000585615635        5.2449954618889949     
   19.400000587105751        4.8620959698772417     
   19.500000588595867        4.4440946259908589     
   19.600000590085983        3.9799468424376108     
   19.700000591576099        3.4510834084242781     
   19.800000593066216        2.8213430338364587     
   19.900000594556332        1.9974925122907590     
   20.000000000000000       -0.0000000000000000     
   19.899999998509884       -1.9974984503890414     
   19.799999997019768       -2.8213472168482201     
   19.699999995529652       -3.4510868108657777     
   19.599999994039536       -3.9799497777798916     
   19.499999992549419       -4.4440972413497706     
   19.399999991059303       -4.8620983481310853     
   19.299999989569187       -5.2449976551595690     
   19.199999988079071       -5.6000000408717563     
   19.099999986588955       -5.9321160231659258     
   18.999999985098839       -6.2449980437342116     
   18.899999983608723       -6.5414066239296176     
   18.799999982118607       -6.8234888929594071     
   18.699999980628490       -7.0929543015935508     
   18.599999979138374       -7.3511904325797790     
   18.499999977648258       -7.5993421311988874     
   18.399999976158142       -7.8383672328732068     
   18.299999974668026       -8.0690768323985029     
   18.199999973177910       -8.2921650355214283     
   18.099999971687794       -8.5082313687923339     
   17.999999970197678       -8.7177979486154413     
   17.899999968707561       -8.9213228346624298     
   17.799999967217445       -9.1192105561314314     
   17.699999965727329       -9.3118205101501257     
   17.599999964237213       -9.4994737358892731     
   17.499999962747097       -9.6824584328491490     
   17.399999961256981       -9.8610344968597019     
   17.299999959766865       -10.035437279564178     
   17.199999958276749       -10.205880728054774     
   17.099999956786633       -10.372560025273277     
   16.999999955296516       -10.535653824984875     
   16.899999953806400       -10.695326154977401     
   16.799999952316284       -10.851728046821522     
   16.699999950826168       -11.004998938773506     
   16.599999949336052       -11.155267889299793     
   16.499999947845936       -11.302654631593594     
   16.399999946355820       -11.447270493857001     
   16.299999944865704       -11.589219205683275     
   16.199999943375587       -11.728597607328464     
   16.099999941885471       -11.865496275811131     
   15.999999940395355       -12.000000079472859     
   15.899999938905239       -12.132188670755719     
   15.799999937415123       -12.262136925417288     
   15.699999935925007       -12.389915335140705     
   15.599999934434891       -12.515590359452942     
   15.499999932944775       -12.639224741997113     
   15.399999931454659       -12.760877795480862     
   15.299999929964542       -12.880605659016387     
   15.199999928474426       -12.998461531057336     
   15.099999926984310       -13.114495880706732     
   14.999999925494194       -13.228756639804596     
   14.899999924004078       -13.341289377892920     
   14.799999922513962       -13.452137461890089     
   14.699999921023846       -13.561342202079370     
   14.599999919533730       -13.668942985820633     
   14.499999918043613       -13.774977400225932     
   14.399999916553497       -13.879481344893954     
   14.299999915063381       -13.982489135672063     
   14.199999913573265       -14.084033600304966     
   14.099999912083149       -14.184146166733308     
   13.999999910593033       -14.282856944722056     
   13.899999909102917       -14.380194801425288     
   13.799999907612801       -14.476187431429819     
   13.699999906122684       -14.570861421763588     
   13.599999904632568       -14.664242312304927     
   13.499999903142452       -14.756354651984811     
   13.399999901652336       -14.847222051135269     
   13.299999900162220       -14.936867230302509     
   13.199999898672104       -15.025312065812692     
   13.099999897181988       -15.112577632350872     
   12.999999895691872       -15.198684242789286     
   12.899999894201756       -15.283651485479336     
   12.799999892711639       -15.367498259202179     
   12.699999891221523       -15.450242805955293     
   12.599999889731407       -15.531902741736717     
   12.499999888241291       -15.612495085474574     
   12.399999886751175       -15.692036286236750     
   12.299999885261059       -15.770542248844139     
   12.199999883770943       -15.848028358000530     
   12.099999882280827       -15.924509501042850     
   11.999999880790710       -16.000000089406967     
   11.899999879300594       -16.074514078896627     
   11.799999877810478       -16.148064988836051     
   11.699999876320362       -16.220665920180451     
   11.599999874830246       -16.292329572652839     
   11.499999873340130       -16.363068260970405     
   11.399999871850014       -16.432893930218732     
   11.299999870359898       -16.501818170427956     
   11.199999868869781       -16.569852230400755     
   11.099999867379665       -16.637007030838554     
   10.999999865889549       -16.703293176808874     
   10.899999864399433       -16.768720969593726     
   10.799999862909317       -16.833300417956032     
   10.699999861419201       -16.897041248858603     
   10.599999859929085       -16.959952917667650     
   10.499999858438969       -17.022044617870723     
   10.399999856948853       -17.083325290336887     
   10.299999855458736       -17.143803632145055     
   10.199999853968620       -17.203488105004755     
   10.099999852478504       -17.262386943291887     
   9.9999998509883881       -17.320508161720667     
   9.8999998494982719       -17.377859562671524     
   9.7999998480081558       -17.434448743193464     
   9.6999998465180397       -17.490283101698211     
   9.5999998450279236       -17.545369844362469     
   9.4999998435378075       -17.599715991253429     
   9.3999998420476913       -17.653328382191937     
   9.2999998405575752       -17.706213682366680     
   9.1999998390674591       -17.758378387712057     
   9.0999998375773430       -17.809828830061573     
   8.9999998360872269       -17.860571182087931     
   8.8999998345971107       -17.910611462040357     
   8.7999998331069946       -17.959955538288977     
   8.6999998316168785       -18.008609133685653     
   8.5999998301267624       -18.056577829750012     
   8.4999998286366463       -18.103867070688985     
   8.3999998271465302       -18.150482167257657     
   8.2999998256564140       -18.196428300468845     
   8.1999998241662979       -18.241710525158343     
   8.0999998226761818       -18.286333773412476     
   7.9999998211860657       -18.330302857864158     
   7.8999998196959496       -18.373622474863360     
   7.7999998182058334       -18.416297207527602     
   7.6999998167157173       -18.458331528677718     
   7.5999998152256012       -18.499729803663914     
   7.4999998137354851       -18.540496293086864     
   7.3999998122453690       -18.580635155418356     
   7.2999998107552528       -18.620150449525731     
   7.1999998092651367       -18.659046137104170     
   7.0999998077750206       -18.697326085020677     
   6.9999998062849045       -18.734994067573421     
   6.8999998047947884       -18.772053768669849     
   6.7999998033046722       -18.808508783926928     
   6.6999998018145561       -18.844362622696607     
   6.5999998003244400       -18.879618710019471     
   6.4999997988343239       -18.914280388509464     
   6.3999997973442078       -18.948350920172292     
   6.2999997958540916       -18.981833488160156     
   6.1999997943639755       -19.014731198465221     
   6.0999997928738594       -19.047047081554108     
   5.9999997913837433       -19.078784093945689     
   5.8999997898936272       -19.109945119734256     
   5.7999997884035110       -19.140532972060083     
   5.6999997869133949       -19.170550394529293     
   5.5999997854232788       -19.200000062584877     
   5.4999997839331627       -19.228884584830581     
   5.3999997824430466       -19.257206504309369     
   5.2999997809529305       -19.284968299737983     
   5.1999997794628143       -19.312172386699189     
   5.0999997779726982       -19.338821118793110     
   4.9999997764825821       -19.364916788749031     
   4.8999997749924660       -19.390461629499018     
   4.7999997735023499       -19.415457815214591     
   4.6999997720122337       -19.439907462307659     
   4.5999997705221176       -19.463812630396863     
   4.4999997690320015       -19.487175323240461     
   4.3999997675418854       -19.509997489636728     
   4.2999997660517693       -19.532281024292956     
   4.1999997645616531       -19.554027768663982     
   4.0999997630715370       -19.575239511761112     
   3.9999997615814209       -19.595917990932413     
   3.8999997600913048       -19.616064892615128     
   3.7999997586011887       -19.635681853061048     
   3.6999997571110725       -19.654770459035589     
   3.5999997556209564       -19.673332248491334     
   3.4999997541308403       -19.691368711216700     
   3.3999997526407242       -19.708881289460418     
   3.2999997511506081       -19.725871378532457     
   3.1999997496604919       -19.742340327381978     
   3.0999997481703758       -19.758289439152964     
   2.9999997466802597       -19.773719971717977     
   2.8999997451901436       -19.788633138190651     
   2.7999997437000275       -19.803030107417396     
   2.6999997422099113       -19.816912004448785     
   2.5999997407197952       -19.830279910991095     
   2.4999997392296791       -19.843134865838401     
   2.3999997377395630       -19.855477865285692     
   2.2999997362494469       -19.867309863523356     
   2.1999997347593307       -19.878631773013424     
   2.0999997332692146       -19.889444464847912     
   1.9999997317790985       -19.899748769089612     
   1.8999997302889824       -19.909545475095651     
   1.7999997287988663       -19.918835331824098     
   1.6999997273087502       -19.927619048123891     
   1.5999997258186340       -19.935897293008416     
   1.4999997243285179       -19.943670695912886     
   1.3999997228384018       -19.950939846935842     
   1.2999997213482857       -19.957705297064951     
   1.1999997198581696       -19.963967558387292     
   1.0999997183680534       -19.969727104284381     
  0.99999971687793732       -19.974984369612010     
  0.89999971538782120       -19.979739750865171     
  0.79999971389770508       -19.983993606328131     
  0.69999971240758896       -19.987746256209810     
  0.59999971091747284       -19.990997982764615     
  0.49999970942735672       -19.993749030398789     
  0.39999970793724060       -19.995999605762403     
  0.29999970644712448       -19.997749877827047     
  0.19999970495700836       -19.998999977949325     
  9.99997034668922424E-002  -19.999749999920162     
 -2.98023223876953125E-007  -19.999999999999996     
 -0.10000029951334000       -19.999749996939894     
 -0.20000030100345612       -19.998999971988564     
 -0.30000030249357224       -19.997749868885343     
 -0.40000030398368835       -19.995999593839088     
 -0.50000030547380447       -19.993749015492970     
 -0.60000030696392059       -19.990997964875170     
 -0.70000030845403671       -19.987746235335393     
 -0.80000030994415283       -19.983993582467175     
 -0.90000031143426895       -19.979739724015882     
  -1.0000003129243851       -19.974984339772362     
  -1.1000003144145012       -19.969727071452127     
  -1.2000003159046173       -19.963967522559958     
  -1.3000003173947334       -19.957705258239827     
  -1.4000003188848495       -19.950939805109993     
  -1.5000003203749657       -19.943670651083139     
  -1.6000003218650818       -19.935897245171375     
  -1.7000003233551979       -19.927618997275921     
  -1.8000003248453140       -19.918835277961328     
  -1.9000003263354301       -19.909545418213980     
  -2.0000003278255463       -19.899748709184689     
  -2.1000003293156624       -19.889444401915156     
  -2.2000003308057785       -19.878631707048008     
  -2.3000003322958946       -19.867309794520214     
  -2.4000003337860107       -19.855477793239501     
  -2.5000003352761269       -19.843134790743605     
  -2.6000003367662430       -19.830279832841882     
  -2.7000003382563591       -19.816911923239090     
  -2.8000003397464752       -19.803030023140895     
  -2.9000003412365913       -19.788633050840769     
  -3.0000003427267075       -19.773719881287882     
  -3.1000003442168236       -19.758289345635557     
  -3.2000003457069397       -19.742340230769894     
  -3.3000003471970558       -19.725871278818062     
  -3.4000003486871719       -19.708881186635814     
  -3.5000003501772881       -19.691368605273706     
  -3.6000003516674042       -19.673332139421490     
  -3.7000003531575203       -19.654770346830162     
  -3.8000003546476364       -19.635681737711014     
  -3.9000003561377525       -19.616064774111177     
  -4.0000003576278687       -19.595917869264937     
  -4.1000003591179848       -19.575239386920213     
  -4.2000003606081009       -19.554027640639454     
  -4.3000003620982170       -19.532280893074297     
  -4.4000003635883331       -19.509997355213109     
  -4.5000003650784492       -19.487175185600755     
  -4.6000003665685654       -19.463812489529616     
  -4.7000003680586815       -19.439907318201090     
  -4.8000003695487976       -19.415457667856593     
  -4.9000003710389137       -19.390461478877146     
  -5.0000003725290298       -19.364916634850498     
  -5.1000003740191460       -19.338820961604785     
  -5.2000003755092621       -19.312172226207583     
  -5.3000003769993782       -19.284968135929248     
  -5.4000003784894943       -19.257206337169297     
  -5.5000003799796104       -19.228884414344588     
  -5.6000003814697266       -19.199999888737992     
  -5.7000003829598427       -19.170550217306172     
  -5.8000003844499588       -19.140532791444976     
  -5.9000003859400749       -19.109944935711013     
  -6.0000003874301910       -19.078783906497751     
  -6.1000003889203072       -19.047046890664497     
  -6.2000003904104233       -19.014731004116534     
  -6.3000003919005394       -18.981833290334553     
  -6.4000003933906555       -18.948350718851483     
  -6.5000003948807716       -18.914280183674709     
  -6.6000003963708878       -18.879618501651567     
  -6.7000003978610039       -18.844362410775865     
  -6.8000003993511200       -18.808508568433187     
  -6.9000004008412361       -18.772053549582441     
  -7.0000004023313522       -18.734993844871177     
  -7.1000004038214684       -18.697325858681904     
  -7.2000004053115845       -18.659045907106638     
  -7.3000004068017006       -18.620150215846675     
  -7.4000004082918167       -18.580634918034448     
  -7.5000004097819328       -18.540496051974198     
  -7.6000004112720490       -18.499729558798006     
  -7.7000004127621651       -18.458331280033484     
  -7.8000004142522812       -18.416296955079332     
  -7.9000004157423973       -18.373622218584718     
  -8.0000004172325134       -18.330302597728156     
  -8.1000004187226295       -18.286333509391465     
  -8.2000004202127457       -18.241710257223986     
  -8.3000004217028618       -18.196428028592102     
  -8.4000004231929779       -18.150481891408774     
  -8.5000004246830940       -18.103866790837454     
  -8.6000004261732101       -18.056577545864570     
  -8.7000004276633263       -18.008608845734251     
  -8.8000004291534424       -17.959955246238763     
  -8.9000004306435585       -17.910611165857642     
  -9.0000004321336746       -17.860570881738177     
  -9.1000004336237907       -17.809828525509356     
  -9.2000004351139069       -17.758378078921059     
  -9.3000004366040230       -17.706213369299629     
  -9.4000004380941391       -17.653328064810612     
  -9.5000004395842552       -17.599715669518613     
  -9.6000004410743713       -17.545369518233915     
  -9.7000004425644875       -17.490282771134627     
  -9.8000004440546036       -17.434448408152452     
  -9.9000004455447197       -17.377859223109571     
  -10.000000447034836       -17.320507817593082     
  -10.100000448524952       -17.262386594552787     
  -10.200000450015068       -17.203487751607010     
  -10.300000451505184       -17.143803274040245     
  -10.400000452995300       -17.083324927475260     
  -10.500000454485416       -17.022044250201152     
  -10.600000455975533       -16.959952545137575     
  -10.700000457465649       -16.897040871413992     
  -10.800000458955765       -16.833300035541317     
  -10.900000460445881       -16.768720582151747     
  -11.000000461935997       -16.703292784280823     
  -11.100000463426113       -16.637006633163914     
  -11.200000464916229       -16.569851827517233     
  -11.300000466406345       -16.501817762271415     
  -11.400000467896461       -16.432893516723112     
  -11.500000469386578       -16.363067842067650     
  -11.600000470876694       -16.292329148272831     
  -11.700000472366810       -16.220665490250898     
  -11.800000473856926       -16.148064553282424     
  -11.900000475347042       -16.074513637642049     
  -12.000000476837158       -15.999999642372121     
  -12.100000478327274       -15.924509048145872     
  -12.200000479817390       -15.848027899156900     
  -12.300000481307507       -15.770541783966559     
  -12.400000482797623       -15.692035815235023     
  -12.500000484287739       -15.612494608255476     
  -12.600000485777855       -15.531902258203848     
  -12.700000487267971       -15.450242316008939     
  -12.800000488758087       -15.367497762739148     
  -12.900000490248203       -15.283650982392791     
  -13.000000491738319       -15.198683732968570     
  -13.100000493228436       -15.112577115681320     
  -13.200000494718552       -15.025311542175423     
  -13.300000496208668       -14.936866699574217     
  -13.400000497698784       -14.847221513187993     
  -13.500000499188900       -14.756354106685684     
  -13.600000500679016       -14.664241759515917     
  -13.700000502169132       -14.570860861341224     
  -13.800000503659248       -14.476186863224877     
  -13.900000505149364       -14.380194225282475     
  -14.000000506639481       -14.282856360479661     
  -14.100000508129597       -14.184145574222830     
  -14.200000509619713       -14.084032999350715     
  -14.300000511109829       -13.982488526090719     
  -14.400000512599945       -13.879480726494105     
  -14.500000514090061       -13.774976772807566     
  -14.600000515580177       -13.668942349174589     
  -14.700000517070293       -13.561341555986749     
  -14.800000518560410       -13.452136806121606     
  -14.900000520050526       -13.341288712208206     
  -15.000000521540642       -13.228755963951428     
  -15.100000523030758       -13.114495194420211     
  -15.200000524520874       -12.998460834058976     
  -15.300000526010990       -12.880604951013110     
  -15.400000527501106       -12.760877076163913     
  -15.500000528991222       -12.639224011040861     
  -15.600000530481339       -12.515589616513557     
  -15.700000531971455       -12.389914579854699     
  -15.800000533461571       -12.262136157399905     
  -15.900000534951687       -12.132187889599141     
  -16.000000536441803       -11.999999284744229     
  -16.100000537931919       -11.865495467050330     
  -16.200000539422035       -11.728596784045642     
  -16.300000540912151       -11.589218367356082     
  -16.400000542402267       -11.447269639927477     
  -16.500000543892384       -11.302653761464653     
  -16.600000545382500       -11.155267002331263     
  -16.700000546872616       -11.004998034277623     
  -16.800000548362732       -10.851727124057806     
  -16.900000549852848       -10.695325213146790     
  -17.000000551342964       -10.535652863222996     
  -17.100000552833080       -10.372559042642676     
  -17.200000554323196       -10.205879723535926     
  -17.300000555813313       -10.035436252045004     
  -17.400000557303429       -9.8610334451233044     
  -17.500000558793545       -9.6824573555593627     
  -17.600000560283661       -9.4994726315735463     
  -17.700000561773777       -9.3118193771790896     
  -17.800000563263893       -9.1192093926943620     
  -17.900000564754009       -8.9213216387375116     
  -18.000000566244125       -8.7177967179334459     
  -18.100000567734241       -8.5082301007918293     
  -18.200000569224358       -8.2921637272929587     
  -18.300000570714474       -8.0690754806142397     
  -18.400000572204590       -7.8383658336971465     
  -18.500000573694706       -7.5993406801705863     
  -18.600000575184822       -7.3511889244614226     
  -18.700000576674938       -7.0929527301651305     
  -18.800000578165054       -6.8234872507387028     
  -18.900000579655170       -6.5414049017802149     
  -19.000000581145287       -6.2449962303014059     
  -19.100000582635403       -5.9321141040380603     
  -19.200000584125519       -5.5999979972835465     
  -19.300000585615635       -5.2449954618889949     
  -19.400000587105751       -4.8620959698772417     
  -19.500000588595867       -4.4440946259908589     
  -19.600000590085983       -3.9799468424376108     
  -19.700000591576099       -3.4510834084242781     
  -19.800000593066216       -2.8213430338364587     
  -19.900000594556332       -1.9974925122907590     
  -20.000000000000000        0.0000000    
