  -15.000000000000000        0.0000000000000000     
  -14.899999998509884        1.7291616594192285     
  -14.799999997019768        2.4413111412138506     
  -14.699999995529652        2.9849623333349187     
  -14.599999994039536        3.4409301321075327     
  -14.499999992549419        3.8405729020638102     
  -14.399999991059303        4.2000000306538174     
  -14.299999989569187        4.5287967826257391     
  -14.199999988079071        4.8332184244615286     
  -14.099999986588955        5.1176166697195553     
  -13.999999985098839        5.3851648458735699     
  -13.899999983608723        5.6382621840135734     
  -13.799999982118607        5.8787754246549051     
  -13.699999980628490        6.1081912650783421     
  -13.599999979138374        6.3277168526599086     
  -13.499999977648258        6.5383484614615810     
  -13.399999976158142        6.7409198659353455     
  -13.299999974668026        6.9361373021178370     
  -13.199999973177910        7.1246053019169544     
  -13.099999971687794        7.3068461556118587     
  -12.999999970197678        7.4833148253204191     
  -12.899999968707561        7.6544105460410803     
  -12.799999967217445        7.8204859720629507     
  -12.699999965727329        7.9818544756545036     
  -12.599999964237213        8.1387960351161421     
  -12.499999962747097        8.2915620320493630     
  -12.399999961256981        8.4403791953221425     
  -12.299999959766865        8.5854528703927517     
  -12.199999958276749        8.7269697500362255     
  -12.099999956786633        8.8651001712199218     
  -11.999999955296516        9.0000000596046448     
  -11.899999953806400        9.1318125856484631     
  -11.799999952316284        9.2606695829910528     
  -11.699999950826168        9.3866927695897058     
  -11.599999949336052        9.5099948041733224     
  -11.499999947845936        9.6306802044063051     
  -11.399999946355820        9.7488461482930031     
  -11.299999944865704        9.8645831764973781     
  -11.199999943375587        9.9779758101724632     
  -11.099999941885471        10.089103096417567     
  -10.999999940395355        10.198039091477449     
  -10.899999938905239        10.304853290167006     
  -10.799999937415123        10.409611008670465     
  -10.699999935925007        10.512373726766226     
  -10.599999934434891        10.613199394620846     
  -10.499999932944775        10.712142708541542     
  -10.399999931454659        10.809255359447436     
  -10.299999929964542        10.904586257292406     
  -10.199999928474426        10.998181734228694     
  -10.099999926984310        11.090085728925494     
  -9.9999999254941940        11.180339954138967     
  -9.8999999240040779        11.268984049359519     
  -9.7999999225139618        11.356055720131279     
  -9.6999999210238457        11.441590865440757     
  -9.5999999195337296        11.525623694401634     
  -9.4999999180436134        11.608186833316017     
  -9.3999999165534973        11.689311424065759     
  -9.2999999150633812        11.769027214677562     
  -9.1999999135732651        11.847362642810083     
  -9.0999999120831490        11.924344912827987     
  -8.9999999105930328        12.000000067055225     
  -8.8999999091029167        12.074353051736066     
  -8.7999999076128006        12.147427778176526     
  -8.6999999061226845        12.219247179489630     
  -8.5999999046325684        12.289833263324601     
  -8.4999999031424522        12.359207160921702     
  -8.3999999016523361        12.427389172800567     
  -8.2999999001622200        12.494398811359718     
  -8.1999998986721039        12.560254840638285     
  -8.0999998971819878        12.624975313467024     
  -7.9999998956918716        12.688577606214578     
  -7.8999998942017555        12.751078451315882     
  -7.7999998927116394        12.812493967752664     
  -7.6999998912215233        12.872839689640687     
  -7.5999998897314072        12.932130593064802     
  -7.4999998882412910        12.990381121290500     
  -7.3999998867511749        13.047605208469584     
  -7.2999998852610588        13.103816301947633     
  -7.1999998837709427        13.159027383271852     
  -7.0999998822808266        13.213250987989756     
  -6.9999998807907104        13.266499224321766     
  -6.8999998793005943        13.318783790784044     
  -6.7999998778104782        13.370115992831831     
  -6.6999998763203621        13.420506758588035     
  -6.5999998748302460        13.469966653716732     
  -6.4999998733401299        13.518505895496673     
  -6.3999998718500137        13.566134366145715     
  -6.2999998703598976        13.612861625443244     
  -6.1999998688697815        13.658696922694151     
  -6.0999998673796654        13.703649208074763     
  -5.9999998658895493        13.747727143398118     
  -5.8999998643994331        13.790939112333383     
  -5.7999998629093170        13.833293230111618     
  -5.6999998614192009        13.874797352747935     
  -5.5999998599290848        13.915459085807921     
  -5.4999998584389687        13.955285792744315     
  -5.3999998569488525        13.994284602828126     
  -5.2999998554587364        14.032462418696776     
  -5.1999998539686203        14.069825923540288     
  -5.0999998524785042        14.106381587945195     
  -4.9999998509883881        14.142135676414510     
  -4.8999998494982719        14.177094253580911     
  -4.7999998480081558        14.211263190129218     
  -4.6999998465180397        14.244648168443137     
  -4.5999998450279236        14.277254687990373     
  -4.4999998435378075        14.309088070459268     
  -4.3999998420476913        14.340153464659306     
  -4.2999998405575752        14.370455851197095     
  -4.1999998390674591        14.400000046938656     
  -4.0999998375773430        14.428790709268251     
  -3.9999998360872269        14.456832340153294     
  -3.8999998345971107        14.484129290024393     
  -3.7999998331069946        14.510685761478911     
  -3.6999998316168785        14.536505812816060     
  -3.5999998301267624        14.561593361410944     
  -3.4999998286366463        14.585952186934641     
  -3.3999998271465302        14.609585934426875     
  -3.2999998256564140        14.632498117227545     
  -3.1999998241662979        14.654692119772958     
  -3.0999998226761818        14.676171200262269     
  -2.9999998211860657        14.696938493199308     
  -2.8999998196959496        14.716997011814723     
  -2.7999998182058334        14.736349650372961     
  -2.6999998167157173        14.754999186368499     
  -2.5999998152256012        14.772948282615317     
  -2.4999998137354851        14.790199489233489     
  -2.3999998122453690        14.806755245536484     
  -2.2999998107552528        14.822617881822556     
  -2.1999998092651367        14.837789621073394     
  -2.0999998077750206        14.852272580563046     
  -1.9999998062849045        14.866068773379880     
  -1.8999998047947884        14.879180109864246     
  -1.7999998033046722        14.891608398964268     
  -1.6999998018145561        14.903355349512085     
  -1.5999998003244400        14.914422571422662     
  -1.4999997988343239        14.924811576817209     
  -1.3999997973442078        14.934523781073040     
  -1.2999997958540916        14.943560503801606     
  -1.1999997943639755        14.951922969756312     
  -1.0999997928738594        14.959612309671581     
 -0.99999979138374329        14.966629561034525     
 -0.89999978989362717        14.972975668790470     
 -0.79999978840351105        14.978651485983454     
 -0.69999978691339493        14.983657774332714     
 -0.59999978542327881        14.987995204746097     
 -0.49999978393316269        14.991664357771182     
 -0.39999978244304657        14.994665723984831     
 -0.29999978095293045        14.996999704321802     
 -0.19999977946281433        14.998666610342895     
 -9.99997779726982117E-002   14.999666664443094     
  2.23517417907714844E-007   14.999999999999998     
  0.10000022500753403        14.999666661462795     
  0.20000022649765015        14.998666604381901     
  0.30000022798776627        14.996999695379316     
  0.40000022947788239        14.994665712059660     
  0.50000023096799850        14.991664342861734     
  0.60000023245811462        14.987995186850382     
  0.70000023394823074        14.983657753448336     
  0.80000023543834686        14.978651462107615     
  0.90000023692846298        14.972975641919970     
   1.0000002384185791        14.966629531165752     
   1.1000002399086952        14.959612276800518     
   1.2000002413988113        14.951922933878532     
   1.3000002428889275        14.943560464912260     
   1.4000002443790436        14.934523739166865     
   1.5000002458691597        14.924811531888517     
   1.6000002473592758        14.914422523465340     
   1.7000002488493919        14.903355298519593     
   1.8000002503395081        14.891608344929628     
   1.9000002518296242        14.879180052780038     
   2.0000002533197403        14.866068713238244     
   2.1000002548098564        14.852272517355670     
   2.2000002562999725        14.837789554791511     
   2.3000002577900887        14.822617812456931     
   2.4000002592802048        14.806755173077420     
   2.5000002607703209        14.790199413670809     
   2.6000002622604370        14.772948203938361     
   2.7000002637505531        14.754999104566117     
   2.8000002652406693        14.736349565433503     
   2.9000002667307854        14.716996923726027     
   3.0000002682209015        14.696938401948703     
   3.1000002697110176        14.676171105836550     
   3.2000002712011337        14.654692022158386     
   3.3000002726912498        14.632498016409832     
   3.4000002741813660        14.609585830391175     
   3.5000002756714821        14.585952079665542     
   3.6000002771615982        14.561593250892445     
   3.7000002786517143        14.536505699031567     
   3.8000002801418304        14.510685644411225     
   3.9000002816319466        14.484129169655686     
   4.0000002831220627        14.456832216465108     
   4.1000002846121788        14.428790582241467     
   4.2000002861022949        14.399999916553494     
   4.3000002875924110        14.370455717433083     
   4.4000002890825272        14.340153327495271     
   4.5000002905726433        14.309087929873312     
   4.6000002920627594        14.277254543959861     
   4.7000002935528755        14.244648020944670     
   4.8000002950429916        14.211263039138611     
   4.9000002965331078        14.177094099073175     
   5.0000002980232239        14.142135518363826     
   5.1000002995133400        14.106381426324891     
   5.2000003010034561        14.069825758322807     
   5.3000003024935722        14.032462249853660     
   5.4000003039836884        13.994284430329980     
   5.5000003054738045        13.955285616560776     
   5.6000003069639206        13.915458905907631     
   5.7000003084540367        13.874797169098505     
   5.8000003099441528        13.833293042679596     
   5.9000003114342690        13.790938921084217     
   6.0000003129243851        13.747726948296117     
   6.1000003144145012        13.703649009083055     
   6.2000003159046173        13.658696719774644     
   6.3000003173947334        13.612861418556580     
   6.4000003188848495        13.566134155251223     
   6.5000003203749657        13.518505680552320     
   6.6000003218650818        13.469966434679071     
   6.7000003233551979        13.420506535412150     
   6.8000003248453140        13.370115765471278     
   6.9000003263354301        13.318783559190793     
   7.0000003278255463        13.266498988446132     
   7.1000003293156624        13.213250747780330     
   7.2000003308057785        13.159027138675437     
   7.3000003322958946        13.103816052909162     
   7.4000003337860107        13.047604954932032     
   7.5000003352761269        12.990380863194812     
   7.6000003367662430        12.932130330349791     
   7.7000003382563591        12.872839422242940     
   7.8000003397464752        12.812493695606443     
   7.9000003412365913        12.751078174353012     
   8.0000003427267075        12.688577324364326     
   8.1000003442168236        12.624975026655987     
   8.2000003457069397        12.560254548790246     
   8.3000003471970558        12.494398514395511     
   8.4000003486871719        12.427388870637927     
   8.5000003501772881        12.359206853475104     
   8.6000003516674042        12.289832950505085     
   8.7000003531575203        12.219246861204622     
   8.8000003546476364        12.147427454329639     
   8.9000003561377525        12.074352722226889     
   9.0000003576278687        11.999999731779090     
   9.1000003591179848        11.924344571675734     
   9.2000003606081009        11.847362295667791     
   9.3000003620982170        11.769026861426267     
   9.4000003635883331        11.689311064581146     
   9.5000003650784492        11.608186467468091     
   9.6000003665685654        11.525623322054361     
   9.7000003680586815        11.441590486451673     
   9.8000003695487976        11.356055334351071     
   9.9000003710389137        11.268983656631567     
   10.000000372529030        11.180339554298843     
   10.100000374019146        11.090085321800419     
   10.200000375509262        10.998181319636938     
   10.300000376999378        10.904585835042644     
   10.400000378489494        10.809254929338024     
   10.500000379979610        10.712142270359745     
   10.600000381469727        10.613198948141962     
   10.700000382959843        10.512373271752637     
   10.800000384449959        10.409610544870578     
   10.900000385940075        10.304852817314094     
   11.000000387430191        10.198038609288339     
   11.100000388920307        10.089102604591204     
   11.200000390410423        9.9779753083882881     
   11.300000391900539        9.8645826644135148     
   11.400000393390656        9.7488456255442308     
   11.500000394880772        9.6306796706017632     
   11.600000396370888        9.5099942588939168     
   11.700000397861004        9.3866922123851673     
   11.800000399351120        9.2606690133765941     
   11.900000400841236        9.1318120031009418     
   12.000000402331352        8.9999994635581722     
   12.100000403821468        8.8650995610607950     
   12.200000405311584        8.7269691250970496     
   12.300000406801701        8.5854522299456075     
   12.400000408291817        8.4403785385705756     
   12.500000409781933        8.2915613581189582     
   12.600000411272049        8.1387953430433555     
   12.700000412762165        7.9818537643733389     
   12.800000414252281        7.8204852403889511     
   12.900000415742397        7.6544097926519443     
   13.000000417232513        7.4833140487323178     
   13.100000418722630        7.3068453541502389     
   13.200000420212746        7.1246044736801588     
   13.300000421702862        6.9361364449312628     
   13.400000423192978        6.7409189772929334     
   13.500000424683094        6.5383475384500844     
   13.600000426173210        6.3277158918592811     
   13.700000427663326        6.1081902624283630     
   13.800000429153442        5.8787743752728598     
   13.900000430643559        5.6382610819390839     
   14.000000432133675        5.3851636837014460     
   14.100000433623791        5.1176154380540275     
   14.200000435113907        4.8332171110725879     
   14.300000436604023        4.5287953710810065     
   14.400000438094139        4.1999984979626603     
   14.500000439584255        3.8405712142930515     
   14.600000441074371        3.4409282353208361     
   14.700000442564487        2.9849601318282080     
   14.800000444054604        2.4413084311457940     
   14.900000445544720        1.7291578073637914     
   15.000000000000000       -0.0000000000000000     
   14.899999998509884       -1.7291616594192285     
   14.799999997019768       -2.4413111412138506     
   14.699999995529652       -2.9849623333349187     
   14.599999994039536       -3.4409301321075327     
   14.499999992549419       -3.8405729020638102     
   14.399999991059303       -4.2000000306538174     
   14.299999989569187       -4.5287967826257391     
   14.199999988079071       -4.8332184244615286     
   14.099999986588955       -5.1176166697195553     
   13.999999985098839       -5.3851648458735699     
   13.899999983608723       -5.6382621840135734     
   13.799999982118607       -5.8787754246549051     
   13.699999980628490       -6.1081912650783421     
   13.599999979138374       -6.3277168526599086     
   13.499999977648258       -6.5383484614615810     
   13.399999976158142       -6.7409198659353455     
   13.299999974668026       -6.9361373021178370     
   13.199999973177910       -7.1246053019169544     
   13.099999971687794       -7.3068461556118587     
   12.999999970197678       -7.4833148253204191     
   12.899999968707561       -7.6544105460410803     
   12.799999967217445       -7.8204859720629507     
   12.699999965727329       -7.9818544756545036     
   12.599999964237213       -8.1387960351161421     
   12.499999962747097       -8.2915620320493630     
   12.399999961256981       -8.4403791953221425     
   12.299999959766865       -8.5854528703927517     
   12.199999958276749       -8.7269697500362255     
   12.099999956786633       -8.8651001712199218     
   11.999999955296516       -9.0000000596046448     
   11.899999953806400       -9.1318125856484631     
   11.799999952316284       -9.2606695829910528     
   11.699999950826168       -9.3866927695897058     
   11.599999949336052       -9.5099948041733224     
   11.499999947845936       -9.6306802044063051     
   11.399999946355820       -9.7488461482930031     
   11.299999944865704       -9.8645831764973781     
   11.199999943375587       -9.9779758101724632     
   11.099999941885471       -10.089103096417567     
   10.999999940395355       -10.198039091477449     
   10.899999938905239       -10.304853290167006     
   10.799999937415123       -10.409611008670465     
   10.699999935925007       -10.512373726766226     
   10.599999934434891       -10.613199394620846     
   10.499999932944775       -10.712142708541542     
   10.399999931454659       -10.809255359447436     
   10.299999929964542       -10.904586257292406     
   10.199999928474426       -10.998181734228694     
   10.099999926984310       -11.090085728925494     
   9.9999999254941940       -11.180339954138967     
   9.8999999240040779       -11.268984049359519     
   9.7999999225139618       -11.356055720131279     
   9.6999999210238457       -11.441590865440757     
   9.5999999195337296       -11.525623694401634     
   9.4999999180436134       -11.608186833316017     
   9.3999999165534973       -11.689311424065759     
   9.2999999150633812       -11.769027214677562     
   9.1999999135732651       -11.847362642810083     
   9.0999999120831490       -11.924344912827987     
   8.9999999105930328       -12.000000067055225     
   8.8999999091029167       -12.074353051736066     
   8.7999999076128006       -12.147427778176526     
   8.6999999061226845       -12.219247179489630     
   8.5999999046325684       -12.289833263324601     
   8.4999999031424522       -12.359207160921702     
   8.3999999016523361       -12.427389172800567     
   8.2999999001622200       -12.494398811359718     
   8.1999998986721039       -12.560254840638285     
   8.0999998971819878       -12.624975313467024     
   7.9999998956918716       -12.688577606214578     
   7.8999998942017555       -12.751078451315882     
   7.7999998927116394       -12.812493967752664     
   7.6999998912215233       -12.872839689640687     
   7.5999998897314072       -12.932130593064802     
   7.4999998882412910       -12.990381121290500     
   7.3999998867511749       -13.047605208469584     
   7.2999998852610588       -13.103816301947633     
   7.1999998837709427       -13.159027383271852     
   7.0999998822808266       -13.213250987989756     
   6.9999998807907104       -13.266499224321766     
   6.8999998793005943       -13.318783790784044     
   6.7999998778104782       -13.370115992831831     
   6.6999998763203621       -13.420506758588035     
   6.5999998748302460       -13.469966653716732     
   6.4999998733401299       -13.518505895496673     
   6.3999998718500137       -13.566134366145715     
   6.2999998703598976       -13.612861625443244     
   6.1999998688697815       -13.658696922694151     
   6.0999998673796654       -13.703649208074763     
   5.9999998658895493       -13.747727143398118     
   5.8999998643994331       -13.790939112333383     
   5.7999998629093170       -13.833293230111618     
   5.6999998614192009       -13.874797352747935     
   5.5999998599290848       -13.915459085807921     
   5.4999998584389687       -13.955285792744315     
   5.3999998569488525       -13.994284602828126     
   5.2999998554587364       -14.032462418696776     
   5.1999998539686203       -14.069825923540288     
   5.0999998524785042       -14.106381587945195     
   4.9999998509883881       -14.142135676414510     
   4.8999998494982719       -14.177094253580911     
   4.7999998480081558       -14.211263190129218     
   4.6999998465180397       -14.244648168443137     
   4.5999998450279236       -14.277254687990373     
   4.4999998435378075       -14.309088070459268     
   4.3999998420476913       -14.340153464659306     
   4.2999998405575752       -14.370455851197095     
   4.1999998390674591       -14.400000046938656     
   4.0999998375773430       -14.428790709268251     
   3.9999998360872269       -14.456832340153294     
   3.8999998345971107       -14.484129290024393     
   3.7999998331069946       -14.510685761478911     
   3.6999998316168785       -14.536505812816060     
   3.5999998301267624       -14.561593361410944     
   3.4999998286366463       -14.585952186934641     
   3.3999998271465302       -14.609585934426875     
   3.2999998256564140       -14.632498117227545     
   3.1999998241662979       -14.654692119772958     
   3.0999998226761818       -14.676171200262269     
   2.9999998211860657       -14.696938493199308     
   2.8999998196959496       -14.716997011814723     
   2.7999998182058334       -14.736349650372961     
   2.6999998167157173       -14.754999186368499     
   2.5999998152256012       -14.772948282615317     
   2.4999998137354851       -14.790199489233489     
   2.3999998122453690       -14.806755245536484     
   2.2999998107552528       -14.822617881822556     
   2.1999998092651367       -14.837789621073394     
   2.0999998077750206       -14.852272580563046     
   1.9999998062849045       -14.866068773379880     
   1.8999998047947884       -14.879180109864246     
   1.7999998033046722       -14.891608398964268     
   1.6999998018145561       -14.903355349512085     
   1.5999998003244400       -14.914422571422662     
   1.4999997988343239       -14.924811576817209     
   1.3999997973442078       -14.934523781073040     
   1.2999997958540916       -14.943560503801606     
   1.1999997943639755       -14.951922969756312     
   1.0999997928738594       -14.959612309671581     
  0.99999979138374329       -14.966629561034525     
  0.89999978989362717       -14.972975668790470     
  0.79999978840351105       -14.978651485983454     
  0.69999978691339493       -14.983657774332714     
  0.59999978542327881       -14.987995204746097     
  0.49999978393316269       -14.991664357771182     
  0.39999978244304657       -14.994665723984831     
  0.29999978095293045       -14.996999704321802     
  0.19999977946281433       -14.998666610342895     
  9.99997779726982117E-002  -14.999666664443094     
 -2.23517417907714844E-007  -14.999999999999998     
 -0.10000022500753403       -14.999666661462795     
 -0.20000022649765015       -14.998666604381901     
 -0.30000022798776627       -14.996999695379316     
 -0.40000022947788239       -14.994665712059660     
 -0.50000023096799850       -14.991664342861734     
 -0.60000023245811462       -14.987995186850382     
 -0.70000023394823074       -14.983657753448336     
 -0.80000023543834686       -14.978651462107615     
 -0.90000023692846298       -14.972975641919970     
  -1.0000002384185791       -14.966629531165752     
  -1.1000002399086952       -14.959612276800518     
  -1.2000002413988113       -14.951922933878532     
  -1.3000002428889275       -14.943560464912260     
  -1.4000002443790436       -14.934523739166865     
  -1.5000002458691597       -14.924811531888517     
  -1.6000002473592758       -14.914422523465340     
  -1.7000002488493919       -14.903355298519593     
  -1.8000002503395081       -14.891608344929628     
  -1.9000002518296242       -14.879180052780038     
  -2.0000002533197403       -14.866068713238244     
  -2.1000002548098564       -14.852272517355670     
  -2.2000002562999725       -14.837789554791511     
  -2.3000002577900887       -14.822617812456931     
  -2.4000002592802048       -14.806755173077420     
  -2.5000002607703209       -14.790199413670809     
  -2.6000002622604370       -14.772948203938361     
  -2.7000002637505531       -14.754999104566117     
  -2.8000002652406693       -14.736349565433503     
  -2.9000002667307854       -14.716996923726027     
  -3.0000002682209015       -14.696938401948703     
  -3.1000002697110176       -14.676171105836550     
  -3.2000002712011337       -14.654692022158386     
  -3.3000002726912498       -14.632498016409832     
  -3.4000002741813660       -14.609585830391175     
  -3.5000002756714821       -14.585952079665542     
  -3.6000002771615982       -14.561593250892445     
  -3.7000002786517143       -14.536505699031567     
  -3.8000002801418304       -14.510685644411225     
  -3.9000002816319466       -14.484129169655686     
  -4.0000002831220627       -14.456832216465108     
  -4.1000002846121788       -14.428790582241467     
  -4.2000002861022949       -14.399999916553494     
  -4.3000002875924110       -14.370455717433083     
  -4.4000002890825272       -14.340153327495271     
  -4.5000002905726433       -14.309087929873312     
  -4.6000002920627594       -14.277254543959861     
  -4.7000002935528755       -14.244648020944670     
  -4.8000002950429916       -14.211263039138611     
  -4.9000002965331078       -14.177094099073175     
  -5.0000002980232239       -14.142135518363826     
  -5.1000002995133400       -14.106381426324891     
  -5.2000003010034561       -14.069825758322807     
  -5.3000003024935722       -14.032462249853660     
  -5.4000003039836884       -13.994284430329980     
  -5.5000003054738045       -13.955285616560776     
  -5.6000003069639206       -13.915458905907631     
  -5.7000003084540367       -13.874797169098505     
  -5.8000003099441528       -13.833293042679596     
  -5.9000003114342690       -13.790938921084217     
  -6.0000003129243851       -13.747726948296117     
  -6.1000003144145012       -13.703649009083055     
  -6.2000003159046173       -13.658696719774644     
  -6.3000003173947334       -13.612861418556580     
  -6.4000003188848495       -13.566134155251223     
  -6.5000003203749657       -13.518505680552320     
  -6.6000003218650818       -13.469966434679071     
  -6.7000003233551979       -13.420506535412150     
  -6.8000003248453140       -13.370115765471278     
  -6.9000003263354301       -13.318783559190793     
  -7.0000003278255463       -13.266498988446132     
  -7.1000003293156624       -13.213250747780330     
  -7.2000003308057785       -13.159027138675437     
  -7.3000003322958946       -13.103816052909162     
  -7.4000003337860107       -13.047604954932032     
  -7.5000003352761269       -12.990380863194812     
  -7.6000003367662430       -12.932130330349791     
  -7.7000003382563591       -12.872839422242940     
  -7.8000003397464752       -12.812493695606443     
  -7.9000003412365913       -12.751078174353012     
  -8.0000003427267075       -12.688577324364326     
  -8.1000003442168236       -12.624975026655987     
  -8.2000003457069397       -12.560254548790246     
  -8.3000003471970558       -12.494398514395511     
  -8.4000003486871719       -12.427388870637927     
  -8.5000003501772881       -12.359206853475104     
  -8.6000003516674042       -12.289832950505085     
  -8.7000003531575203       -12.219246861204622     
  -8.8000003546476364       -12.147427454329639     
  -8.9000003561377525       -12.074352722226889     
  -9.0000003576278687       -11.999999731779090     
  -9.1000003591179848       -11.924344571675734     
  -9.2000003606081009       -11.847362295667791     
  -9.3000003620982170       -11.769026861426267     
  -9.4000003635883331       -11.689311064581146     
  -9.5000003650784492       -11.608186467468091     
  -9.6000003665685654       -11.525623322054361     
  -9.7000003680586815       -11.441590486451673     
  -9.8000003695487976       -11.356055334351071     
  -9.9000003710389137       -11.268983656631567     
  -10.000000372529030       -11.180339554298843     
  -10.100000374019146       -11.090085321800419     
  -10.200000375509262       -10.998181319636938     
  -10.300000376999378       -10.904585835042644     
  -10.400000378489494       -10.809254929338024     
  -10.500000379979610       -10.712142270359745     
  -10.600000381469727       -10.613198948141962     
  -10.700000382959843       -10.512373271752637     
  -10.800000384449959       -10.409610544870578     
  -10.900000385940075       -10.304852817314094     
  -11.000000387430191       -10.198038609288339     
  -11.100000388920307       -10.089102604591204     
  -11.200000390410423       -9.9779753083882881     
  -11.300000391900539       -9.8645826644135148     
  -11.400000393390656       -9.7488456255442308     
  -11.500000394880772       -9.6306796706017632     
  -11.600000396370888       -9.5099942588939168     
  -11.700000397861004       -9.3866922123851673     
  -11.800000399351120       -9.2606690133765941     
  -11.900000400841236       -9.1318120031009418     
  -12.000000402331352       -8.9999994635581722     
  -12.100000403821468       -8.8650995610607950     
  -12.200000405311584       -8.7269691250970496     
  -12.300000406801701       -8.5854522299456075     
  -12.400000408291817       -8.4403785385705756     
  -12.500000409781933       -8.2915613581189582     
  -12.600000411272049       -8.1387953430433555     
  -12.700000412762165       -7.9818537643733389     
  -12.800000414252281       -7.8204852403889511     
  -12.900000415742397       -7.6544097926519443     
  -13.000000417232513       -7.4833140487323178     
  -13.100000418722630       -7.3068453541502389     
  -13.200000420212746       -7.1246044736801588     
  -13.300000421702862       -6.9361364449312628     
  -13.400000423192978       -6.7409189772929334     
  -13.500000424683094       -6.5383475384500844     
  -13.600000426173210       -6.3277158918592811     
  -13.700000427663326       -6.1081902624283630     
  -13.800000429153442       -5.8787743752728598     
  -13.900000430643559       -5.6382610819390839     
  -14.000000432133675       -5.3851636837014460     
  -14.100000433623791       -5.1176154380540275     
  -14.200000435113907       -4.8332171110725879     
  -14.300000436604023       -4.5287953710810065     
  -14.400000438094139       -4.1999984979626603     
  -14.500000439584255       -3.8405712142930515     
  -14.600000441074371       -3.4409282353208361     
  -14.700000442564487       -2.9849601318282080     
  -14.800000444054604       -2.4413084311457940     
  -14.900000445544720       -1.7291578073637914     
  -15.000000000000000        0.0000000    
