  -25.000000000000000        0.0000000000000000     
  -24.899999998509884        2.2338308069788506     
  -24.799999997019768        3.1559467910311034     
  -24.699999995529652        3.8613469438571832     
  -24.599999994039536        4.4542115231828463     
  -24.499999992549419        4.9749372222248640     
  -24.399999991059303        5.4442630755967327     
  -24.299999989569187        5.8745213002369399     
  -24.199999988079071        6.2737549025263144     
  -24.099999986588955        6.6475559904684047     
  -23.999999985098839        7.0000000510896951     
  -23.899999983608723        7.3341666727381547     
  -23.799999982118607        7.6524506434967829     
  -23.699999980628490        7.9567581915130203     
  -23.599999979138374        8.2486363106072709     
  -23.499999977648258        8.5293611161992580     
  -23.399999976158142        8.8000000633976665     
  -23.299999974668026        9.0614569016505282     
  -23.199999973177910        9.3145048845628384     
  -23.099999971687794        9.5598117820396400     
  -22.999999970197678        9.7979590410915076     
  -22.899999968707561        10.029456686839705     
  -22.799999967217445        10.254755067522797     
  -22.699999965727329        10.474254224334029     
  -22.599999964237213        10.688311448328870     
  -22.499999962747097        10.897247435769302     
  -22.399999961256981        11.101351347276928     
  -22.299999959766865        11.300885000494334     
  -22.199999958276749        11.496086371131367     
  -22.099999956786633        11.687172537018132     
  -21.999999955296516        11.874342169861590     
  -21.899999953806400        12.057777656901775     
  -21.799999952316284        12.237646917565893     
  -21.699999950826168        12.414104967098687     
  -21.599999949336052        12.587295268987797     
  -21.499999947845936        12.757350910068467     
  -21.399999946355820        12.924395625945953     
  -21.299999944865704        13.088544699420215     
  -21.199999943375587        13.249905750641213     
  -21.099999941885471        13.408579434542389     
  -20.999999940395355        13.564660058526902     
  -20.899999938905239        13.718236131287469     
  -20.799999937415123        13.869390851927523     
  -20.699999935925007        14.018202547142224     
  -20.599999934434891        14.164745063052935     
  -20.499999932944775        14.309088117321252     
  -20.399999931454659        14.451297616361305     
  -20.299999929964542        14.591435941792692     
  -20.199999928474426        14.729562209707156     
  -20.099999926984310        14.865732505841438     
  -19.999999925494194        15.000000099341074     
  -19.899999924004078        15.132415637453185     
  -19.799999922513962        15.263027323190085     
  -19.699999921023846        15.391881077752013     
  -19.599999919533730        15.519020689279262     
  -19.499999918043613        15.644487949316177     
  -19.399999916553497        15.768322778207082     
  -19.299999915063381        15.890563340503491     
  -19.199999913573265        16.011246151339584     
  -19.099999912083149        16.130406174626344     
  -18.999999910593033        16.248076913821670     
  -18.899999909102917        16.364290495952147     
  -18.799999907612801        16.479077749490678     
  -18.699999906122684        16.592468276631166     
  -18.599999904632568        16.704490520445944     
  -18.499999903142452        16.815171827362612     
  -18.399999901652336        16.924538505353521     
  -18.299999900162220        17.032615878192718     
  -18.199999898672104        17.139428336100810     
  -18.099999897181988        17.244999383067892     
  -17.999999895691872        17.349351681117444     
  -17.899999894201756        17.452507091749801     
  -17.799999892711639        17.554486714782225     
  -17.699999891221523        17.655310924782889     
  -17.599999889731407        17.754999405278909     
  -17.499999888241291        17.853571180902570     
  -17.399999886751175        17.951044647625917     
  -17.299999885261059        18.047437601221048     
  -17.199999883770943        18.142767264071917     
  -17.099999882280827        18.237050310453050     
  -16.999999880790710        18.330302890381159     
  -16.899999879300594        18.422540652136988     
  -16.799999877810478        18.513778763547108     
  -16.699999876320362        18.604031932108153     
  -16.599999874830246        18.693314424029673     
  -16.499999873340130        18.781640082265863     
  -16.399999871850014        18.869022343601152     
  -16.299999870359898        18.955474254849634     
  -16.199999868869781        19.041008488224016     
  -16.099999867379665        19.125637355925548     
  -15.999999865889549        19.209372824002724     
  -15.899999864399433        19.292226525523123     
  -15.799999862909317        19.374209773099537     
  -15.699999861419201        19.455333570808726     
  -15.599999859929085        19.535608625538455     
  -15.499999858438969        19.615045357795939     
  -15.399999856948853        19.693653912008692     
  -15.299999855458736        19.771444166346640     
  -15.199999853968620        19.848425742092342     
  -15.099999852478504        19.924608012584567     
  -14.999999850988388        20.000000111758709     
  -14.899999849498272        20.074610942305991     
  -14.799999848008156        20.148449183472124     
  -14.699999846518040        20.221523298514619     
  -14.599999845027924        20.293841541836887     
  -14.499999843537807        20.365411965816051     
  -14.399999842047691        20.436242427340368     
  -14.299999840557575        20.506340594071222     
  -14.199999839067459        20.575713950443717     
  -14.099999837577343        20.644369803419018     
  -13.999999836087227        20.712315288000944     
  -13.899999834597111        20.779557372528423     
  -13.799999833106995        20.846102863754819     
  -13.699999831616879        20.911958411724559     
  -13.599999830126762        20.977130514456739     
  -13.499999828636646        21.041625522445042     
  -13.399999827146530        21.105449642982567     
  -13.299999825656414        21.168608944319875     
  -13.199999824166298        21.231109359663940     
  -13.099999822676182        21.292956691025417     
  -12.999999821186066        21.354156612921109     
  -12.899999819695950        21.414714675938235     
  -12.799999818205833        21.474636310166712     
  -12.699999816715717        21.533926828505308     
  -12.599999815225601        21.592591429847293     
  -12.499999813735485        21.650635202150834     
  -12.399999812245369        21.708063125399160     
  -12.299999810755253        21.764880074455288     
  -12.199999809265137        21.821090821815730     
  -12.099999807775021        21.876700040267600     
  -11.999999806284904        21.931712305453086     
  -11.899999804794788        21.986132098345173     
  -11.799999803304672        22.039963807638379     
  -11.699999801814556        22.093211732057867     
  -11.599999800324440        22.145880082590374     
  -11.499999798834324        22.197972984640074     
  -11.399999797344208        22.249494480112396     
  -11.299999795854092        22.300448529428675     
  -11.199999794363976        22.350839013474346     
  -11.099999792873859        22.400669735483362     
  -10.999999791383743        22.449944422861222     
  -10.899999789893627        22.498666728949047     
  -10.799999788403511        22.546840234730990     
  -10.699999786913395        22.594468450487021     
  -10.599999785423279        22.641554817393317     
  -10.499999783933163        22.688102709072073     
  -10.399999782443047        22.734115433092718     
  -10.299999780952930        22.779596232426279     
  -10.199999779462814        22.824548286854629     
  -10.099999777972698        22.868974714336264     
  -9.9999997764825821        22.912878572330197     
  -9.8999997749924660        22.956262859079416     
  -9.7999997735023499        22.999130514855423     
  -9.6999997720122337        23.041484423165159     
  -9.5999997705221176        23.083327411921690     
  -9.4999997690320015        23.124662254579892     
  -9.3999997675418854        23.165491671238332     
  -9.2999997660517693        23.205818329708546     
  -9.1999997645616531        23.245644846552775     
  -9.0999997630715370        23.284973788091278     
  -8.9999997615814209        23.323807671380212     
  -8.8999997600913048        23.362148965161033     
  -8.7999997586011887        23.400000090782459     
  -8.6999997571110725        23.437363423095768     
  -8.5999997556209564        23.474241291324400     
  -8.4999997541308403        23.510635979908660     
  -8.3999997526407242        23.546549729326287     
  -8.2999997511506081        23.581984736889723     
  -8.1999997496604919        23.616943157520787     
  -8.0999997481703758        23.651427104503437     
  -7.9999997466802597        23.685438650215364     
  -7.8999997451901436        23.718979826839004     
  -7.7999997437000275        23.752052627052667     
  -7.6999997422099113        23.784659004702323     
  -7.5999997407197952        23.816800875454685     
  -7.4999997392296791        23.848480117432111     
  -7.3999997377395630        23.879698571829888     
  -7.2999997362494469        23.910458043516400     
  -7.1999997347593307        23.940760301616688     
  -7.0999997332692146        23.970607080079908     
  -6.9999997317790985        24.000000078231096     
  -6.8999997302889824        24.028940961307718     
  -6.7999997287988663        24.057431360981482     
  -6.6999997273087502        24.085472875865708     
  -6.5999997258186340        24.113067072008779     
  -6.4999997243285179        24.140215483373986     
  -6.3999997228384018        24.166919612306167     
  -6.2999997213482857        24.193180929985449     
  -6.1999997198581696        24.219000876868531     
  -6.0999997183680534        24.244380863117740     
  -5.9999997168779373        24.269322269018240     
  -5.8999997153878212        24.293826445383683     
  -5.7999997138977051        24.317894713950601     
  -5.6999997124075890        24.341528367761821     
  -5.5999997109174728        24.364728671539197     
  -5.4999997094273567        24.387496862045907     
  -5.3999997079372406        24.409834148438570     
  -5.2999997064471245        24.431741712609448     
  -5.1999997049570084        24.453220709518963     
  -5.0999997034668922        24.474272267518757     
  -4.9999997019767761        24.494897488665515     
  -4.8999997004866600        24.515097449025788     
  -4.7999996989965439        24.534873198971969     
  -4.6999996975064278        24.554225763469706     
  -4.5999996960163116        24.573156142356844     
  -4.4999996945261955        24.591665310614168     
  -4.3999996930360794        24.609754218628076     
  -4.2999996915459633        24.627423792445377     
  -4.1999996900558472        24.644674934020347     
  -4.0999996885657310        24.661508521454255     
  -3.9999996870756149        24.677925409227473     
  -3.8999996855854988        24.693926428424319     
  -3.7999996840953827        24.709512386950799     
  -3.6999996826052666        24.724684069745379     
  -3.5999996811151505        24.739442238982893     
  -3.4999996796250343        24.753787634271742     
  -3.3999996781349182        24.767720972844522     
  -3.2999996766448021        24.781242949742133     
  -3.1999996751546860        24.794354237991559     
  -3.0999996736645699        24.807055488777372     
  -2.9999996721744537        24.819347331607116     
  -2.8999996706843376        24.831230374470589     
  -2.7999996691942215        24.842705203993230     
  -2.6999996677041054        24.853772385583596     
  -2.5999996662139893        24.864432463575096     
  -2.4999996647238731        24.874685961362015     
  -2.3999996632337570        24.884533381529938     
  -2.2999996617436409        24.893975205980645     
  -2.1999996602535248        24.903011896051538     
  -2.0999996587634087        24.911643892629680     
  -1.9999996572732925        24.919871616260519     
  -1.8999996557831764        24.927695467251358     
  -1.7999996542930603        24.935115825769586     
  -1.6999996528029442        24.942133051935834     
  -1.5999996513128281        24.948747485911969     
  -1.4999996498227119        24.954959447984116     
  -1.3999996483325958        24.960769238640637     
  -1.2999996468424797        24.966177138645183     
  -1.1999996453523636        24.971183409104867     
  -1.0999996438622475        24.975788291533522     
 -0.99999964237213135        24.979992007910162     
 -0.89999964088201523        24.983794760732650     
 -0.79999963939189911        24.987196733066572     
 -0.69999963790178299        24.990198088589402     
 -0.59999963641166687        24.992798971629927     
 -0.49999963492155075        24.994999507203001     
 -0.39999963343143463        24.996799801039625     
 -0.29999963194131851        24.998199939612352     
 -0.19999963045120239        24.999199990156072     
 -9.99996289610862732E-002   24.999800000684157     
  3.72529029846191406E-007   24.999999999999996     
  0.10000037401914597        24.999799997703903     
  0.20000037550926208        24.999199984195418     
  0.30000037699937820        24.998199930671014     
  0.40000037848949432        24.996799789117173     
  0.50000037997961044        24.994999492298859     
  0.60000038146972656        24.992798953743378     
  0.70000038295984268        24.990198067719593     
  0.80000038444995880        24.987196709212498     
  0.90000038594007492        24.983794733893163     
   1.0000003874301910        24.979991978083969     
   1.1000003889203072        24.975788258719188     
   1.2000003904104233        24.971183373300811     
   1.3000003919005394        24.966177099849677     
   1.4000003933906555        24.960769196851807     
   1.5000003948807716        24.954959403199947     
   1.6000003963708878        24.948747438130297     
   1.7000003978610039        24.942133001154339     
   1.8000003993511200        24.935115771985817     
   1.9000004008412361        24.927695410462700     
   2.0000004023313522        24.919871556464219     
   2.1000004038214684        24.911643829822825     
   2.2000004053115845        24.903011830231076     
   2.3000004068017006        24.893975137143364     
   2.4000004082918167        24.884533309672477     
   2.5000004097819328        24.874685886480862     
   2.6000004112720490        24.864432385666582     
   2.7000004127621651        24.853772304643901     
   2.8000004142522812        24.842705120018373     
   2.9000004157423973        24.831230287456439     
   3.0000004172325134        24.819347241549380     
   3.1000004187226295        24.807055395671600     
   3.2000004202127457        24.794354141833143     
   3.3000004217028618        24.781242850526301     
   3.4000004231929779        24.767720870566343     
   3.5000004246830940        24.753787528926118     
   3.6000004261732101        24.739442130564559     
   3.7000004276633263        24.724683958248914     
   3.8000004291534424        24.709512272370606     
   3.9000004306435585        24.693926310754637     
   4.0000004321336746        24.677925288462369     
   4.1000004336237907        24.661508397587621     
   4.2000004351139069        24.644674807045902     
   4.3000004366040230        24.627423662356669     
   4.4000004380941391        24.609754085418476     
   4.5000004395842552        24.591665174276862     
   4.6000004410743713        24.573156002884847     
   4.7000004425644875        24.554225620855846     
   4.8000004440546036        24.534873053208887     
   4.9000004455447197        24.515097300105939     
   5.0000004470348358        24.494897336581172     
   5.1000004485249519        24.474272112261996     
   5.2000004500150681        24.453220551081674     
   5.3000004515051842        24.431741550983322     
   5.4000004529953003        24.409833983615098     
   5.5000004544854164        24.387496694016388     
   5.6000004559755325        24.364728500294721     
   5.7000004574656487        24.341528193293275     
   5.8000004589557648        24.317894536248669     
   5.9000004604458809        24.293826264438838     
   6.0000004619359970        24.269322084820743     
   6.1000004634261131        24.244380675657631     
   6.2000004649162292        24.219000686135640     
   6.3000004664063454        24.193180735969378     
   6.4000004678964615        24.166919414996300     
   6.5000004693865776        24.140215282759478     
   6.6000004708766937        24.113066868078548     
   6.7000004723668098        24.085472668608446     
   6.8000004738569260        24.057431150385646     
   6.9000004753470421        24.028940747361517     
   7.0000004768371582        23.999999860922490     
   7.1000004783272743        23.970606859396625     
   7.2000004798173904        23.940760077546187     
   7.3000004813075066        23.910457816045895     
   7.4000004827976227        23.879698340946330     
   7.5000004842877388        23.848479883122188     
   7.6000004857778549        23.816800637704812     
   7.7000004872679710        23.784658763498648     
   7.8000004887580872        23.752052382381056     
   7.9000004902482033        23.718979578685044     
   8.0000004917383194        23.685438398564351     
   8.1000004932284355        23.651426849340382     
   8.2000004947185516        23.616942898830398     
   8.3000004962086678        23.581984474656409     
   8.4000004976987839        23.546549463534145     
   8.5000004991889000        23.510635710541482     
   8.6000005006790161        23.474241018365657     
   8.7000005021691322        23.437363146528597     
   8.8000005036592484        23.399999810589676     
   8.9000005051493645        23.362148681325120     
   9.0000005066394806        23.323807383883299     
   9.1000005081295967        23.284973496915153     
   9.2000005096197128        23.245644551678858     
   9.3000005111098289        23.205818031117907     
   9.4000005125999451        23.165491368911663     
   9.5000005140900612        23.124661948497508     
   9.6000005155801773        23.083327102063521     
   9.7000005170702934        23.041484109510741     
   9.8000005185604095        22.999130197383895     
   9.9000005200505257        22.956262537769501     
   10.000000521540642        22.912878247160197     
   10.100000523030758        22.868974385284059     
   10.200000524520874        22.824547953897660     
   10.300000526010990        22.779595895541547     
   10.400000527501106        22.734115092256761     
   10.500000528991222        22.688102364260967     
   10.600000530481339        22.641554468582658     
   10.700000531971455        22.594468097651927     
   10.800000533461571        22.546839877846072     
   10.900000534951687        22.498666367988413     
   11.000000536441803        22.449944057798451     
   11.100000537931919        22.400669366291513     
   11.200000539422035        22.350838640125925     
   11.300000540912151        22.300448151895626     
   11.400000542402267        22.249494098366103     
   11.500000543892384        22.197972598651322     
   11.600000545382500        22.145879692329355     
   11.700000546872616        22.093211337494161     
   11.800000548362732        22.039963408740931     
   11.900000549852848        21.986131695082285     
   12.000000551342964        21.931711897792397     
   12.100000552833080        21.876699628176073     
   12.200000554323196        21.821090405259625     
   12.300000555813313        21.764879653400158     
   12.400000557303429        21.708062699809826     
   12.500000558793545        21.650634771991353     
   12.600000560283661        21.592590995080961     
   12.700000561773777        21.533926389094621     
   12.800000563263893        21.474635866073353     
   12.900000564754009        21.414714227123046     
   13.000000566244125        21.354156159344072     
   13.100000567734241        21.292956232645633     
   13.200000569224358        21.231108896439597     
   13.300000570714474        21.168608476208224     
   13.400000572204590        21.105449169939895     
   13.500000573694706        21.041625044426645     
   13.600000575184822        20.977130031416895     
   13.700000576674938        20.911957923616487     
   13.800000578165054        20.846102370530662     
   13.900000579655170        20.779556874139207     
   14.000000581145287        20.712314784396543     
   14.100000582635403        20.644369294548120     
   14.200000584125519        20.575713436253793     
   14.300000585615635        20.506340074508483     
   14.400000587105751        20.436241902349707     
   14.500000588595867        20.365411435341038     
   14.600000590085983        20.293841005819694     
   14.700000591576099        20.221522756895990     
   14.800000593066216        20.148448636191315     
   14.900000594556332        20.074610389300734     
   15.000000596046448        19.999999552965150     
   15.100000597536564        19.924607447937223     
   15.200000599026680        19.848425171524028     
   15.300000600516796        19.771443589788422     
   15.400000602006912        19.693653329389821     
   15.500000603497028        19.615044769043781     
   15.600000604987144        19.535608030578437     
   15.700000606477261        19.455332969564250     
   15.800000607967377        19.374209165491905     
   15.900000609457493        19.292225911471473     
   16.000000610947609        19.209372203423936     
   16.100000612437725        19.125636728734154     
   16.200000613927841        19.041007854332122     
   16.300000615417957        18.955473614166813     
   16.400000616908073        18.869021696034345     
   16.500000618398190        18.781639427719281     
   16.600000619888306        18.693313762404671     
   16.700000621378422        18.604031263303131     
   16.800000622868538        18.513778087457371     
   16.900000624358654        18.422539968654625     
   17.000000625848770        18.330302199394897     
   17.100000627338886        18.237049611848121     
   17.200000628829002        18.142766557729885     
   17.300000630319118        18.047436887019668     
   17.400000631809235        17.951043925438938     
   17.500000633299351        17.853570450599577     
   17.600000634789467        17.754998666725108     
   17.700000636279583        17.655310177838913     
   17.800000637769699        17.554485959303914     
   17.900000639259815        17.452506327587972     
   18.000000640749931        17.349350908117632     
   18.100000642240047        17.244998601070105     
   18.200000643730164        17.139427544939231     
   18.300000645220280        17.032615077695418     
   18.400000646710396        16.924537695342138     
   18.500000648200512        16.815171007652008     
   18.600000649690628        16.704489690843843     
   18.700000651180744        16.592467436937756     
   18.800000652670860        16.479076899498200     
   18.900000654160976        16.364289635444450     
   19.000000655651093        16.248076042573718     
   19.100000657141209        16.130405292403704     
   19.200000658631325        16.011245257897858     
   19.300000660121441        15.890562435587732     
   19.400000661611557        15.768321861551126     
   19.500000663101673        15.644487020641947     
   19.600000664591789        15.519019748296005     
   19.700000666081905        15.391880124155479     
   19.800000667572021        15.263026356661626     
   19.900000669062138        15.132414657658787     
   20.000000670552254        14.999999105930288     
   20.100000672042370        14.865731498446227     
   20.200000673532486        14.729561187940634     
   20.300000675022602        14.591434905247732     
   20.400000676512718        14.451296564609025     
   20.500000678002834        14.309087049909346     
   20.600000679492950        14.164743979503829     
   20.700000680983067        14.018201446951052     
   20.800000682473183        13.869389734559885     
   20.900000683963299        13.718234996176937     
   21.000000685453415        13.564658905072259     
   21.100000686943531        13.408578262104545     
   21.200000688433647        13.249904558539766     
   21.300000689923763        13.088543486929598     
   21.400000691413879        12.924394392291095     
   21.500000692903996        12.757349654419906     
   21.600000694394112        12.587293990456166     
   21.700000695884228        12.414103664728438     
   21.800000697374344        12.237645590328155     
   21.900000698864460        12.057776303686188     
   22.000000700354576        11.874340789466933     
   22.100000701844692        11.687171128141493     
   22.200000703334808        11.496084932355624     
   22.300000704824924        11.300883530273545     
   22.400000706315041        11.101349843919238     
   22.500000707805157        10.897245897416807     
   22.600000709295273        10.688309872933754     
   22.700000710785389        10.474252609630094     
   22.800000712275505        10.254753410991240     
   22.900000713765621        10.029454985667668     
   23.000000715255737        9.7979572921214331     
   23.100000716745853        9.5598099817068043     
   23.200000718235970        9.3145030288175068     
   23.300000719726086        9.0614549858598252     
   23.400000721216202        8.7999980822203163     
   23.500000722706318        8.5293590634233780     
   23.600000724196434        8.2486341789370066     
   23.700000725686550        7.9567559722827363     
   23.800000727176666        7.6524483262802994     
   23.900000728666782        7.3341642448016717     
   24.000000730156898        6.9999974966044336     
   24.100000731647015        6.6475532893398723     
   24.200000733137131        6.2737520285840382     
   24.300000734627247        5.8745182182980136     
   24.400000736117363        5.4442597364078935     
   24.500000737607479        4.9749335530470136     
   24.600000739097595        4.4542074083272967     
   24.700000740587711        3.8613421779177393     
   24.800000742077827        3.1559409362247588     
   24.900000743567944        2.2338225019718680     
   25.000000000000000       -0.0000000000000000     
   24.899999998509884       -2.2338308069788506     
   24.799999997019768       -3.1559467910311034     
   24.699999995529652       -3.8613469438571832     
   24.599999994039536       -4.4542115231828463     
   24.499999992549419       -4.9749372222248640     
   24.399999991059303       -5.4442630755967327     
   24.299999989569187       -5.8745213002369399     
   24.199999988079071       -6.2737549025263144     
   24.099999986588955       -6.6475559904684047     
   23.999999985098839       -7.0000000510896951     
   23.899999983608723       -7.3341666727381547     
   23.799999982118607       -7.6524506434967829     
   23.699999980628490       -7.9567581915130203     
   23.599999979138374       -8.2486363106072709     
   23.499999977648258       -8.5293611161992580     
   23.399999976158142       -8.8000000633976665     
   23.299999974668026       -9.0614569016505282     
   23.199999973177910       -9.3145048845628384     
   23.099999971687794       -9.5598117820396400     
   22.999999970197678       -9.7979590410915076     
   22.899999968707561       -10.029456686839705     
   22.799999967217445       -10.254755067522797     
   22.699999965727329       -10.474254224334029     
   22.599999964237213       -10.688311448328870     
   22.499999962747097       -10.897247435769302     
   22.399999961256981       -11.101351347276928     
   22.299999959766865       -11.300885000494334     
   22.199999958276749       -11.496086371131367     
   22.099999956786633       -11.687172537018132     
   21.999999955296516       -11.874342169861590     
   21.899999953806400       -12.057777656901775     
   21.799999952316284       -12.237646917565893     
   21.699999950826168       -12.414104967098687     
   21.599999949336052       -12.587295268987797     
   21.499999947845936       -12.757350910068467     
   21.399999946355820       -12.924395625945953     
   21.299999944865704       -13.088544699420215     
   21.199999943375587       -13.249905750641213     
   21.099999941885471       -13.408579434542389     
   20.999999940395355       -13.564660058526902     
   20.899999938905239       -13.718236131287469     
   20.799999937415123       -13.869390851927523     
   20.699999935925007       -14.018202547142224     
   20.599999934434891       -14.164745063052935     
   20.499999932944775       -14.309088117321252     
   20.399999931454659       -14.451297616361305     
   20.299999929964542       -14.591435941792692     
   20.199999928474426       -14.729562209707156     
   20.099999926984310       -14.865732505841438     
   19.999999925494194       -15.000000099341074     
   19.899999924004078       -15.132415637453185     
   19.799999922513962       -15.263027323190085     
   19.699999921023846       -15.391881077752013     
   19.599999919533730       -15.519020689279262     
   19.499999918043613       -15.644487949316177     
   19.399999916553497       -15.768322778207082     
   19.299999915063381       -15.890563340503491     
   19.199999913573265       -16.011246151339584     
   19.099999912083149       -16.130406174626344     
   18.999999910593033       -16.248076913821670     
   18.899999909102917       -16.364290495952147     
   18.799999907612801       -16.479077749490678     
   18.699999906122684       -16.592468276631166     
   18.599999904632568       -16.704490520445944     
   18.499999903142452       -16.815171827362612     
   18.399999901652336       -16.924538505353521     
   18.299999900162220       -17.032615878192718     
   18.199999898672104       -17.139428336100810     
   18.099999897181988       -17.244999383067892     
   17.999999895691872       -17.349351681117444     
   17.899999894201756       -17.452507091749801     
   17.799999892711639       -17.554486714782225     
   17.699999891221523       -17.655310924782889     
   17.599999889731407       -17.754999405278909     
   17.499999888241291       -17.853571180902570     
   17.399999886751175       -17.951044647625917     
   17.299999885261059       -18.047437601221048     
   17.199999883770943       -18.142767264071917     
   17.099999882280827       -18.237050310453050     
   16.999999880790710       -18.330302890381159     
   16.899999879300594       -18.422540652136988     
   16.799999877810478       -18.513778763547108     
   16.699999876320362       -18.604031932108153     
   16.599999874830246       -18.693314424029673     
   16.499999873340130       -18.781640082265863     
   16.399999871850014       -18.869022343601152     
   16.299999870359898       -18.955474254849634     
   16.199999868869781       -19.041008488224016     
   16.099999867379665       -19.125637355925548     
   15.999999865889549       -19.209372824002724     
   15.899999864399433       -19.292226525523123     
   15.799999862909317       -19.374209773099537     
   15.699999861419201       -19.455333570808726     
   15.599999859929085       -19.535608625538455     
   15.499999858438969       -19.615045357795939     
   15.399999856948853       -19.693653912008692     
   15.299999855458736       -19.771444166346640     
   15.199999853968620       -19.848425742092342     
   15.099999852478504       -19.924608012584567     
   14.999999850988388       -20.000000111758709     
   14.899999849498272       -20.074610942305991     
   14.799999848008156       -20.148449183472124     
   14.699999846518040       -20.221523298514619     
   14.599999845027924       -20.293841541836887     
   14.499999843537807       -20.365411965816051     
   14.399999842047691       -20.436242427340368     
   14.299999840557575       -20.506340594071222     
   14.199999839067459       -20.575713950443717     
   14.099999837577343       -20.644369803419018     
   13.999999836087227       -20.712315288000944     
   13.899999834597111       -20.779557372528423     
   13.799999833106995       -20.846102863754819     
   13.699999831616879       -20.911958411724559     
   13.599999830126762       -20.977130514456739     
   13.499999828636646       -21.041625522445042     
   13.399999827146530       -21.105449642982567     
   13.299999825656414       -21.168608944319875     
   13.199999824166298       -21.231109359663940     
   13.099999822676182       -21.292956691025417     
   12.999999821186066       -21.354156612921109     
   12.899999819695950       -21.414714675938235     
   12.799999818205833       -21.474636310166712     
   12.699999816715717       -21.533926828505308     
   12.599999815225601       -21.592591429847293     
   12.499999813735485       -21.650635202150834     
   12.399999812245369       -21.708063125399160     
   12.299999810755253       -21.764880074455288     
   12.199999809265137       -21.821090821815730     
   12.099999807775021       -21.876700040267600     
   11.999999806284904       -21.931712305453086     
   11.899999804794788       -21.986132098345173     
   11.799999803304672       -22.039963807638379     
   11.699999801814556       -22.093211732057867     
   11.599999800324440       -22.145880082590374     
   11.499999798834324       -22.197972984640074     
   11.399999797344208       -22.249494480112396     
   11.299999795854092       -22.300448529428675     
   11.199999794363976       -22.350839013474346     
   11.099999792873859       -22.400669735483362     
   10.999999791383743       -22.449944422861222     
   10.899999789893627       -22.498666728949047     
   10.799999788403511       -22.546840234730990     
   10.699999786913395       -22.594468450487021     
   10.599999785423279       -22.641554817393317     
   10.499999783933163       -22.688102709072073     
   10.399999782443047       -22.734115433092718     
   10.299999780952930       -22.779596232426279     
   10.199999779462814       -22.824548286854629     
   10.099999777972698       -22.868974714336264     
   9.9999997764825821       -22.912878572330197     
   9.8999997749924660       -22.956262859079416     
   9.7999997735023499       -22.999130514855423     
   9.6999997720122337       -23.041484423165159     
   9.5999997705221176       -23.083327411921690     
   9.4999997690320015       -23.124662254579892     
   9.3999997675418854       -23.165491671238332     
   9.2999997660517693       -23.205818329708546     
   9.1999997645616531       -23.245644846552775     
   9.0999997630715370       -23.284973788091278     
   8.9999997615814209       -23.323807671380212     
   8.8999997600913048       -23.362148965161033     
   8.7999997586011887       -23.400000090782459     
   8.6999997571110725       -23.437363423095768     
   8.5999997556209564       -23.474241291324400     
   8.4999997541308403       -23.510635979908660     
   8.3999997526407242       -23.546549729326287     
   8.2999997511506081       -23.581984736889723     
   8.1999997496604919       -23.616943157520787     
   8.0999997481703758       -23.651427104503437     
   7.9999997466802597       -23.685438650215364     
   7.8999997451901436       -23.718979826839004     
   7.7999997437000275       -23.752052627052667     
   7.6999997422099113       -23.784659004702323     
   7.5999997407197952       -23.816800875454685     
   7.4999997392296791       -23.848480117432111     
   7.3999997377395630       -23.879698571829888     
   7.2999997362494469       -23.910458043516400     
   7.1999997347593307       -23.940760301616688     
   7.0999997332692146       -23.970607080079908     
   6.9999997317790985       -24.000000078231096     
   6.8999997302889824       -24.028940961307718     
   6.7999997287988663       -24.057431360981482     
   6.6999997273087502       -24.085472875865708     
   6.5999997258186340       -24.113067072008779     
   6.4999997243285179       -24.140215483373986     
   6.3999997228384018       -24.166919612306167     
   6.2999997213482857       -24.193180929985449     
   6.1999997198581696       -24.219000876868531     
   6.0999997183680534       -24.244380863117740     
   5.9999997168779373       -24.269322269018240     
   5.8999997153878212       -24.293826445383683     
   5.7999997138977051       -24.317894713950601     
   5.6999997124075890       -24.341528367761821     
   5.5999997109174728       -24.364728671539197     
   5.4999997094273567       -24.387496862045907     
   5.3999997079372406       -24.409834148438570     
   5.2999997064471245       -24.431741712609448     
   5.1999997049570084       -24.453220709518963     
   5.0999997034668922       -24.474272267518757     
   4.9999997019767761       -24.494897488665515     
   4.8999997004866600       -24.515097449025788     
   4.7999996989965439       -24.534873198971969     
   4.6999996975064278       -24.554225763469706     
   4.5999996960163116       -24.573156142356844     
   4.4999996945261955       -24.591665310614168     
   4.3999996930360794       -24.609754218628076     
   4.2999996915459633       -24.627423792445377     
   4.1999996900558472       -24.644674934020347     
   4.0999996885657310       -24.661508521454255     
   3.9999996870756149       -24.677925409227473     
   3.8999996855854988       -24.693926428424319     
   3.7999996840953827       -24.709512386950799     
   3.6999996826052666       -24.724684069745379     
   3.5999996811151505       -24.739442238982893     
   3.4999996796250343       -24.753787634271742     
   3.3999996781349182       -24.767720972844522     
   3.2999996766448021       -24.781242949742133     
   3.1999996751546860       -24.794354237991559     
   3.0999996736645699       -24.807055488777372     
   2.9999996721744537       -24.819347331607116     
   2.8999996706843376       -24.831230374470589     
   2.7999996691942215       -24.842705203993230     
   2.6999996677041054       -24.853772385583596     
   2.5999996662139893       -24.864432463575096     
   2.4999996647238731       -24.874685961362015     
   2.3999996632337570       -24.884533381529938     
   2.2999996617436409       -24.893975205980645     
   2.1999996602535248       -24.903011896051538     
   2.0999996587634087       -24.911643892629680     
   1.9999996572732925       -24.919871616260519     
   1.8999996557831764       -24.927695467251358     
   1.7999996542930603       -24.935115825769586     
   1.6999996528029442       -24.942133051935834     
   1.5999996513128281       -24.948747485911969     
   1.4999996498227119       -24.954959447984116     
   1.3999996483325958       -24.960769238640637     
   1.2999996468424797       -24.966177138645183     
   1.1999996453523636       -24.971183409104867     
   1.0999996438622475       -24.975788291533522     
  0.99999964237213135       -24.979992007910162     
  0.89999964088201523       -24.983794760732650     
  0.79999963939189911       -24.987196733066572     
  0.69999963790178299       -24.990198088589402     
  0.59999963641166687       -24.992798971629927     
  0.49999963492155075       -24.994999507203001     
  0.39999963343143463       -24.996799801039625     
  0.29999963194131851       -24.998199939612352     
  0.19999963045120239       -24.999199990156072     
  9.99996289610862732E-002  -24.999800000684157     
 -3.72529029846191406E-007  -24.999999999999996     
 -0.10000037401914597       -24.999799997703903     
 -0.20000037550926208       -24.999199984195418     
 -0.30000037699937820       -24.998199930671014     
 -0.40000037848949432       -24.996799789117173     
 -0.50000037997961044       -24.994999492298859     
 -0.60000038146972656       -24.992798953743378     
 -0.70000038295984268       -24.990198067719593     
 -0.80000038444995880       -24.987196709212498     
 -0.90000038594007492       -24.983794733893163     
  -1.0000003874301910       -24.979991978083969     
  -1.1000003889203072       -24.975788258719188     
  -1.2000003904104233       -24.971183373300811     
  -1.3000003919005394       -24.966177099849677     
  -1.4000003933906555       -24.960769196851807     
  -1.5000003948807716       -24.954959403199947     
  -1.6000003963708878       -24.948747438130297     
  -1.7000003978610039       -24.942133001154339     
  -1.8000003993511200       -24.935115771985817     
  -1.9000004008412361       -24.927695410462700     
  -2.0000004023313522       -24.919871556464219     
  -2.1000004038214684       -24.911643829822825     
  -2.2000004053115845       -24.903011830231076     
  -2.3000004068017006       -24.893975137143364     
  -2.4000004082918167       -24.884533309672477     
  -2.5000004097819328       -24.874685886480862     
  -2.6000004112720490       -24.864432385666582     
  -2.7000004127621651       -24.853772304643901     
  -2.8000004142522812       -24.842705120018373     
  -2.9000004157423973       -24.831230287456439     
  -3.0000004172325134       -24.819347241549380     
  -3.1000004187226295       -24.807055395671600     
  -3.2000004202127457       -24.794354141833143     
  -3.3000004217028618       -24.781242850526301     
  -3.4000004231929779       -24.767720870566343     
  -3.5000004246830940       -24.753787528926118     
  -3.6000004261732101       -24.739442130564559     
  -3.7000004276633263       -24.724683958248914     
  -3.8000004291534424       -24.709512272370606     
  -3.9000004306435585       -24.693926310754637     
  -4.0000004321336746       -24.677925288462369     
  -4.1000004336237907       -24.661508397587621     
  -4.2000004351139069       -24.644674807045902     
  -4.3000004366040230       -24.627423662356669     
  -4.4000004380941391       -24.609754085418476     
  -4.5000004395842552       -24.591665174276862     
  -4.6000004410743713       -24.573156002884847     
  -4.7000004425644875       -24.554225620855846     
  -4.8000004440546036       -24.534873053208887     
  -4.9000004455447197       -24.515097300105939     
  -5.0000004470348358       -24.494897336581172     
  -5.1000004485249519       -24.474272112261996     
  -5.2000004500150681       -24.453220551081674     
  -5.3000004515051842       -24.431741550983322     
  -5.4000004529953003       -24.409833983615098     
  -5.5000004544854164       -24.387496694016388     
  -5.6000004559755325       -24.364728500294721     
  -5.7000004574656487       -24.341528193293275     
  -5.8000004589557648       -24.317894536248669     
  -5.9000004604458809       -24.293826264438838     
  -6.0000004619359970       -24.269322084820743     
  -6.1000004634261131       -24.244380675657631     
  -6.2000004649162292       -24.219000686135640     
  -6.3000004664063454       -24.193180735969378     
  -6.4000004678964615       -24.166919414996300     
  -6.5000004693865776       -24.140215282759478     
  -6.6000004708766937       -24.113066868078548     
  -6.7000004723668098       -24.085472668608446     
  -6.8000004738569260       -24.057431150385646     
  -6.9000004753470421       -24.028940747361517     
  -7.0000004768371582       -23.999999860922490     
  -7.1000004783272743       -23.970606859396625     
  -7.2000004798173904       -23.940760077546187     
  -7.3000004813075066       -23.910457816045895     
  -7.4000004827976227       -23.879698340946330     
  -7.5000004842877388       -23.848479883122188     
  -7.6000004857778549       -23.816800637704812     
  -7.7000004872679710       -23.784658763498648     
  -7.8000004887580872       -23.752052382381056     
  -7.9000004902482033       -23.718979578685044     
  -8.0000004917383194       -23.685438398564351     
  -8.1000004932284355       -23.651426849340382     
  -8.2000004947185516       -23.616942898830398     
  -8.3000004962086678       -23.581984474656409     
  -8.4000004976987839       -23.546549463534145     
  -8.5000004991889000       -23.510635710541482     
  -8.6000005006790161       -23.474241018365657     
  -8.7000005021691322       -23.437363146528597     
  -8.8000005036592484       -23.399999810589676     
  -8.9000005051493645       -23.362148681325120     
  -9.0000005066394806       -23.323807383883299     
  -9.1000005081295967       -23.284973496915153     
  -9.2000005096197128       -23.245644551678858     
  -9.3000005111098289       -23.205818031117907     
  -9.4000005125999451       -23.165491368911663     
  -9.5000005140900612       -23.124661948497508     
  -9.6000005155801773       -23.083327102063521     
  -9.7000005170702934       -23.041484109510741     
  -9.8000005185604095       -22.999130197383895     
  -9.9000005200505257       -22.956262537769501     
  -10.000000521540642       -22.912878247160197     
  -10.100000523030758       -22.868974385284059     
  -10.200000524520874       -22.824547953897660     
  -10.300000526010990       -22.779595895541547     
  -10.400000527501106       -22.734115092256761     
  -10.500000528991222       -22.688102364260967     
  -10.600000530481339       -22.641554468582658     
  -10.700000531971455       -22.594468097651927     
  -10.800000533461571       -22.546839877846072     
  -10.900000534951687       -22.498666367988413     
  -11.000000536441803       -22.449944057798451     
  -11.100000537931919       -22.400669366291513     
  -11.200000539422035       -22.350838640125925     
  -11.300000540912151       -22.300448151895626     
  -11.400000542402267       -22.249494098366103     
  -11.500000543892384       -22.197972598651322     
  -11.600000545382500       -22.145879692329355     
  -11.700000546872616       -22.093211337494161     
  -11.800000548362732       -22.039963408740931     
  -11.900000549852848       -21.986131695082285     
  -12.000000551342964       -21.931711897792397     
  -12.100000552833080       -21.876699628176073     
  -12.200000554323196       -21.821090405259625     
  -12.300000555813313       -21.764879653400158     
  -12.400000557303429       -21.708062699809826     
  -12.500000558793545       -21.650634771991353     
  -12.600000560283661       -21.592590995080961     
  -12.700000561773777       -21.533926389094621     
  -12.800000563263893       -21.474635866073353     
  -12.900000564754009       -21.414714227123046     
  -13.000000566244125       -21.354156159344072     
  -13.100000567734241       -21.292956232645633     
  -13.200000569224358       -21.231108896439597     
  -13.300000570714474       -21.168608476208224     
  -13.400000572204590       -21.105449169939895     
  -13.500000573694706       -21.041625044426645     
  -13.600000575184822       -20.977130031416895     
  -13.700000576674938       -20.911957923616487     
  -13.800000578165054       -20.846102370530662     
  -13.900000579655170       -20.779556874139207     
  -14.000000581145287       -20.712314784396543     
  -14.100000582635403       -20.644369294548120     
  -14.200000584125519       -20.575713436253793     
  -14.300000585615635       -20.506340074508483     
  -14.400000587105751       -20.436241902349707     
  -14.500000588595867       -20.365411435341038     
  -14.600000590085983       -20.293841005819694     
  -14.700000591576099       -20.221522756895990     
  -14.800000593066216       -20.148448636191315     
  -14.900000594556332       -20.074610389300734     
  -15.000000596046448       -19.999999552965150     
  -15.100000597536564       -19.924607447937223     
  -15.200000599026680       -19.848425171524028     
  -15.300000600516796       -19.771443589788422     
  -15.400000602006912       -19.693653329389821     
  -15.500000603497028       -19.615044769043781     
  -15.600000604987144       -19.535608030578437     
  -15.700000606477261       -19.455332969564250     
  -15.800000607967377       -19.374209165491905     
  -15.900000609457493       -19.292225911471473     
  -16.000000610947609       -19.209372203423936     
  -16.100000612437725       -19.125636728734154     
  -16.200000613927841       -19.041007854332122     
  -16.300000615417957       -18.955473614166813     
  -16.400000616908073       -18.869021696034345     
  -16.500000618398190       -18.781639427719281     
  -16.600000619888306       -18.693313762404671     
  -16.700000621378422       -18.604031263303131     
  -16.800000622868538       -18.513778087457371     
  -16.900000624358654       -18.422539968654625     
  -17.000000625848770       -18.330302199394897     
  -17.100000627338886       -18.237049611848121     
  -17.200000628829002       -18.142766557729885     
  -17.300000630319118       -18.047436887019668     
  -17.400000631809235       -17.951043925438938     
  -17.500000633299351       -17.853570450599577     
  -17.600000634789467       -17.754998666725108     
  -17.700000636279583       -17.655310177838913     
  -17.800000637769699       -17.554485959303914     
  -17.900000639259815       -17.452506327587972     
  -18.000000640749931       -17.349350908117632     
  -18.100000642240047       -17.244998601070105     
  -18.200000643730164       -17.139427544939231     
  -18.300000645220280       -17.032615077695418     
  -18.400000646710396       -16.924537695342138     
  -18.500000648200512       -16.815171007652008     
  -18.600000649690628       -16.704489690843843     
  -18.700000651180744       -16.592467436937756     
  -18.800000652670860       -16.479076899498200     
  -18.900000654160976       -16.364289635444450     
  -19.000000655651093       -16.248076042573718     
  -19.100000657141209       -16.130405292403704     
  -19.200000658631325       -16.011245257897858     
  -19.300000660121441       -15.890562435587732     
  -19.400000661611557       -15.768321861551126     
  -19.500000663101673       -15.644487020641947     
  -19.600000664591789       -15.519019748296005     
  -19.700000666081905       -15.391880124155479     
  -19.800000667572021       -15.263026356661626     
  -19.900000669062138       -15.132414657658787     
  -20.000000670552254       -14.999999105930288     
  -20.100000672042370       -14.865731498446227     
  -20.200000673532486       -14.729561187940634     
  -20.300000675022602       -14.591434905247732     
  -20.400000676512718       -14.451296564609025     
  -20.500000678002834       -14.309087049909346     
  -20.600000679492950       -14.164743979503829     
  -20.700000680983067       -14.018201446951052     
  -20.800000682473183       -13.869389734559885     
  -20.900000683963299       -13.718234996176937     
  -21.000000685453415       -13.564658905072259     
  -21.100000686943531       -13.408578262104545     
  -21.200000688433647       -13.249904558539766     
  -21.300000689923763       -13.088543486929598     
  -21.400000691413879       -12.924394392291095     
  -21.500000692903996       -12.757349654419906     
  -21.600000694394112       -12.587293990456166     
  -21.700000695884228       -12.414103664728438     
  -21.800000697374344       -12.237645590328155     
  -21.900000698864460       -12.057776303686188     
  -22.000000700354576       -11.874340789466933     
  -22.100000701844692       -11.687171128141493     
  -22.200000703334808       -11.496084932355624     
  -22.300000704824924       -11.300883530273545     
  -22.400000706315041       -11.101349843919238     
  -22.500000707805157       -10.897245897416807     
  -22.600000709295273       -10.688309872933754     
  -22.700000710785389       -10.474252609630094     
  -22.800000712275505       -10.254753410991240     
  -22.900000713765621       -10.029454985667668     
  -23.000000715255737       -9.7979572921214331     
  -23.100000716745853       -9.5598099817068043     
  -23.200000718235970       -9.3145030288175068     
  -23.300000719726086       -9.0614549858598252     
  -23.400000721216202       -8.7999980822203163     
  -23.500000722706318       -8.5293590634233780     
  -23.600000724196434       -8.2486341789370066     
  -23.700000725686550       -7.9567559722827363     
  -23.800000727176666       -7.6524483262802994     
  -23.900000728666782       -7.3341642448016717     
  -24.000000730156898       -6.9999974966044336     
  -24.100000731647015       -6.6475532893398723     
  -24.200000733137131       -6.2737520285840382     
  -24.300000734627247       -5.8745182182980136     
  -24.400000736117363       -5.4442597364078935     
  -24.500000737607479       -4.9749335530470136     
  -24.600000739097595       -4.4542074083272967     
  -24.700000740587711       -3.8613421779177393     
  -24.800000742077827       -3.1559409362247588     
  -24.900000743567944       -2.2338225019718680     
  -25.000000000000000        0.0000000    
