  -6.0000000000000000        0.0000000000000000     
  -5.8999999985098839        1.0908712195228960     
  -5.7999999970197678        1.5362291608255241     
  -5.6999999955296516        1.8734994131202634     
  -5.5999999940395355        2.1540659383494281     
  -5.4999999925494194        2.3979157787454475     
  -5.3999999910593033        2.6153393845846327     
  -5.2999999895691872        2.8124722417415282     
  -5.1999999880790710        2.9933259301281678     
  -5.0999999865889549        3.1606961474954627     
  -4.9999999850988388        3.3166248128197453     
  -4.8999999836087227        3.4626579618314191     
  -4.7999999821186066        3.6000000238418579     
  -4.6999999806284904        3.7296112642059880     
  -4.5999999791383743        3.8522720817625222     
  -4.4999999776482582        3.9686269919413788     
  -4.3999999761581421        4.0792156365909795     
  -4.2999999746680260        4.1844952166127491     
  -4.1999999731779099        4.2848570834166173     
  -4.0999999716877937        4.3806392492603283     
  -3.9999999701976776        4.4721359816555868     
  -3.8999999687075615        4.5596052728367855     
  -3.7999999672174454        4.6432747333264066     
  -3.6999999657273293        4.7233462982950725     
  -3.5999999642372131        4.8000000268220901     
  -3.4999999627470970        4.8733971991589522     
  -3.3999999612569809        4.9436828643686814     
  -3.2999999597668648        5.0109879530426626     
  -3.1999999582767487        5.0754310424858309     
  -3.0999999567866325        5.1371198416936776     
  -2.9999999552965164        5.1961524485161998     
  -2.8999999538064003        5.2526184201713031     
  -2.7999999523162842        5.3065996897287064     
  -2.6999999508261681        5.3581713546263794     
  -2.5999999493360519        5.4074023581986692     
  -2.4999999478459358        5.4543560812226328     
  -2.3999999463558197        5.4990908573592474     
  -2.2999999448657036        5.5416604238817957     
  -2.1999999433755875        5.5821143170977257     
  -2.0999999418854713        5.6204982202720268     
  -1.9999999403953552        5.6568542705658045     
  -1.8999999389052391        5.6912213304492107     
  -1.7999999374151230        5.7236352281837064     
  -1.6999999359250069        5.7541289712566375     
  -1.5999999344348907        5.7827329360613176     
  -1.4999999329447746        5.8094750366247094     
  -1.3999999314546585        5.8343808747738564     
  -1.2999999299645424        5.8574738737865646     
  -1.1999999284744263        5.8787753972797239     
  -1.0999999269843102        5.8983048548404575     
 -0.99999992549419403        5.9160797956933955     
 -0.89999992400407791        5.9321159915153929     
 -0.79999992251396179        5.9464275093519516     
 -0.69999992102384567        5.9590267754530695     
 -0.59999991953372955        5.9699246307268838     
 -0.49999991804361343        5.9791303784042356     
 -0.39999991655349731        5.9866518244138094     
 -0.29999991506338120        5.9924953108836023     
 -0.19999991357326508        5.9966657431084727     
 -9.99999120831489563E-002   5.9991666102537415     
  8.94069671630859375E-008   5.9999999999999991     
  0.10000009089708328        5.9991666072730947     
  0.20000009238719940        5.9966657371446939     
  0.30000009387731552        5.9924953019317089     
  0.40000009536743164        5.9866518124663006     
  0.50000009685754776        5.9791303634510635     
  0.60000009834766388        5.9699246127554071     
  0.70000009983778000        5.9590267544480024     
  0.80000010132789612        5.9464274852952972     
  0.90000010281801224        5.9321159643863641     
   1.0000001043081284        5.9160797654683233     
   1.1000001057982445        5.8983048214926850     
   1.2000001072883606        5.8787753607794819     
   1.3000001087784767        5.8574738341008361     
   1.4000001102685928        5.8343808318662171     
   1.5000001117587090        5.8094749904551497     
   1.6000001132488251        5.7827328865860430     
   1.7000001147389412        5.7541289184278437     
   1.8000001162290573        5.7236351719493248     
   1.9000001177191734        5.6912212707526253     
   2.0000001192092896        5.6568542073455301     
   2.1000001206994057        5.6204981534613534     
   2.2000001221895218        5.5821142466243101     
   2.3000001236796379        5.5416603496672048     
   2.4000001251697540        5.4990907793184469     
   2.5000001266598701        5.4543559992633988     
   2.6000001281499863        5.4074022722209278     
   2.7000001296401024        5.3581712645214532     
   2.8000001311302185        5.3065995953784526     
   2.9000001326203346        5.2526183214471276     
   3.0000001341104507        5.1961523452779250     
   3.1000001356005669        5.1371197337882313     
   3.2000001370906830        5.0754309297457301     
   3.3000001385807991        5.0109878352842472     
   3.4000001400709152        4.9436827413900417     
   3.5000001415610313        4.8733970707374912     
   3.6000001430511475        4.7999998927116359     
   3.7000001445412636        4.7233461582224345     
   3.8000001460313797        4.6432745869872365     
   3.9000001475214958        4.5596051198905716     
   4.0000001490116119        4.4721358217195375     
   4.1000001505017281        4.3806390819018413     
   4.2000001519918442        4.2848569081438983     
   4.3000001534819603        4.1844950328629995     
   4.4000001549720764        4.0792154437153361     
   4.5000001564621925        3.9686267891854285     
   4.6000001579523087        3.8522718682407056     
   4.7000001594424248        3.7296110388673482     
   4.8000001609325409        3.5999997854232690     
   4.9000001624226570        3.4626577087921837     
   5.0000001639127731        3.3166245432475834     
   5.1000001654028893        3.1606958589668990     
   5.2000001668930054        2.9933256194929272     
   5.3000001683831215        2.8124719047732518     
   5.4000001698732376        2.6153390153800338     
   5.5000001713633537        2.3979153686072991     
   5.6000001728534698        2.1540654734805784     
   5.7000001743435860        1.8734988690904217     
   5.8000001758337021        1.5362284857172206     
   5.9000001773238182        1.0908702524035174     
   6.0000000000000000       -0.0000000000000000     
   5.8999999985098839       -1.0908712195228960     
   5.7999999970197678       -1.5362291608255241     
   5.6999999955296516       -1.8734994131202634     
   5.5999999940395355       -2.1540659383494281     
   5.4999999925494194       -2.3979157787454475     
   5.3999999910593033       -2.6153393845846327     
   5.2999999895691872       -2.8124722417415282     
   5.1999999880790710       -2.9933259301281678     
   5.0999999865889549       -3.1606961474954627     
   4.9999999850988388       -3.3166248128197453     
   4.8999999836087227       -3.4626579618314191     
   4.7999999821186066       -3.6000000238418579     
   4.6999999806284904       -3.7296112642059880     
   4.5999999791383743       -3.8522720817625222     
   4.4999999776482582       -3.9686269919413788     
   4.3999999761581421       -4.0792156365909795     
   4.2999999746680260       -4.1844952166127491     
   4.1999999731779099       -4.2848570834166173     
   4.0999999716877937       -4.3806392492603283     
   3.9999999701976776       -4.4721359816555868     
   3.8999999687075615       -4.5596052728367855     
   3.7999999672174454       -4.6432747333264066     
   3.6999999657273293       -4.7233462982950725     
   3.5999999642372131       -4.8000000268220901     
   3.4999999627470970       -4.8733971991589522     
   3.3999999612569809       -4.9436828643686814     
   3.2999999597668648       -5.0109879530426626     
   3.1999999582767487       -5.0754310424858309     
   3.0999999567866325       -5.1371198416936776     
   2.9999999552965164       -5.1961524485161998     
   2.8999999538064003       -5.2526184201713031     
   2.7999999523162842       -5.3065996897287064     
   2.6999999508261681       -5.3581713546263794     
   2.5999999493360519       -5.4074023581986692     
   2.4999999478459358       -5.4543560812226328     
   2.3999999463558197       -5.4990908573592474     
   2.2999999448657036       -5.5416604238817957     
   2.1999999433755875       -5.5821143170977257     
   2.0999999418854713       -5.6204982202720268     
   1.9999999403953552       -5.6568542705658045     
   1.8999999389052391       -5.6912213304492107     
   1.7999999374151230       -5.7236352281837064     
   1.6999999359250069       -5.7541289712566375     
   1.5999999344348907       -5.7827329360613176     
   1.4999999329447746       -5.8094750366247094     
   1.3999999314546585       -5.8343808747738564     
   1.2999999299645424       -5.8574738737865646     
   1.1999999284744263       -5.8787753972797239     
   1.0999999269843102       -5.8983048548404575     
  0.99999992549419403       -5.9160797956933955     
  0.89999992400407791       -5.9321159915153929     
  0.79999992251396179       -5.9464275093519516     
  0.69999992102384567       -5.9590267754530695     
  0.59999991953372955       -5.9699246307268838     
  0.49999991804361343       -5.9791303784042356     
  0.39999991655349731       -5.9866518244138094     
  0.29999991506338120       -5.9924953108836023     
  0.19999991357326508       -5.9966657431084727     
  9.99999120831489563E-002  -5.9991666102537415     
 -8.94069671630859375E-008  -5.9999999999999991     
 -0.10000009089708328       -5.9991666072730947     
 -0.20000009238719940       -5.9966657371446939     
 -0.30000009387731552       -5.9924953019317089     
 -0.40000009536743164       -5.9866518124663006     
 -0.50000009685754776       -5.9791303634510635     
 -0.60000009834766388       -5.9699246127554071     
 -0.70000009983778000       -5.9590267544480024     
 -0.80000010132789612       -5.9464274852952972     
 -0.90000010281801224       -5.9321159643863641     
  -1.0000001043081284       -5.9160797654683233     
  -1.1000001057982445       -5.8983048214926850     
  -1.2000001072883606       -5.8787753607794819     
  -1.3000001087784767       -5.8574738341008361     
  -1.4000001102685928       -5.8343808318662171     
  -1.5000001117587090       -5.8094749904551497     
  -1.6000001132488251       -5.7827328865860430     
  -1.7000001147389412       -5.7541289184278437     
  -1.8000001162290573       -5.7236351719493248     
  -1.9000001177191734       -5.6912212707526253     
  -2.0000001192092896       -5.6568542073455301     
  -2.1000001206994057       -5.6204981534613534     
  -2.2000001221895218       -5.5821142466243101     
  -2.3000001236796379       -5.5416603496672048     
  -2.4000001251697540       -5.4990907793184469     
  -2.5000001266598701       -5.4543559992633988     
  -2.6000001281499863       -5.4074022722209278     
  -2.7000001296401024       -5.3581712645214532     
  -2.8000001311302185       -5.3065995953784526     
  -2.9000001326203346       -5.2526183214471276     
  -3.0000001341104507       -5.1961523452779250     
  -3.1000001356005669       -5.1371197337882313     
  -3.2000001370906830       -5.0754309297457301     
  -3.3000001385807991       -5.0109878352842472     
  -3.4000001400709152       -4.9436827413900417     
  -3.5000001415610313       -4.8733970707374912     
  -3.6000001430511475       -4.7999998927116359     
  -3.7000001445412636       -4.7233461582224345     
  -3.8000001460313797       -4.6432745869872365     
  -3.9000001475214958       -4.5596051198905716     
  -4.0000001490116119       -4.4721358217195375     
  -4.1000001505017281       -4.3806390819018413     
  -4.2000001519918442       -4.2848569081438983     
  -4.3000001534819603       -4.1844950328629995     
  -4.4000001549720764       -4.0792154437153361     
  -4.5000001564621925       -3.9686267891854285     
  -4.6000001579523087       -3.8522718682407056     
  -4.7000001594424248       -3.7296110388673482     
  -4.8000001609325409       -3.5999997854232690     
  -4.9000001624226570       -3.4626577087921837     
  -5.0000001639127731       -3.3166245432475834     
  -5.1000001654028893       -3.1606958589668990     
  -5.2000001668930054       -2.9933256194929272     
  -5.3000001683831215       -2.8124719047732518     
  -5.4000001698732376       -2.6153390153800338     
  -5.5000001713633537       -2.3979153686072991     
  -5.6000001728534698       -2.1540654734805784     
  -5.7000001743435860       -1.8734988690904217     
  -5.8000001758337021       -1.5362284857172206     
  -5.9000001773238182       -1.0908702524035174     
  -6.0000000000000000        0.0000000    
