  -9.0000000000000000        0.0000000000000000     
  -8.8999999985098839        1.3379088259384744     
  -8.7999999970197678        1.8867962403110961     
  -8.6999999955296516        2.3043437412382861     
  -8.5999999940395355        2.6532998516036570     
  -8.4999999925494194        2.9580399129592334     
  -8.3999999910593033        3.2310989075241423     
  -8.2999999895691872        3.4799425531395620     
  -8.1999999880790710        3.7094474245503513     
  -8.0999999865889549        3.9230090768769488     
  -7.9999999850988388        4.1231056545301596     
  -7.8999999836087227        4.3116122574951223     
  -7.7999999821186066        4.4899888951922513     
  -7.6999999806284904        4.6593991349015429     
  -7.5999999791383743        4.8207883501660502     
  -7.4999999776482582        4.9749372192296182     
  -7.3999999761581421        5.1224994243884003     
  -7.2999999746680260        5.2640289104303770     
  -7.1999999731779099        5.4000000357627869     
  -7.0999999716877937        5.5308227599547362     
  -6.9999999701976776        5.6568542863708728     
  -6.8999999687075615        5.7784081226437829     
  -6.7999999672174454        5.8957612270039181     
  -6.6999999657273293        6.0091597132422585     
  -6.5999999642372131        6.1188234548864688     
  -6.4999999627470970        6.2249498378932930     
  -6.3999999612569809        6.3277168470081406     
  -6.2999999597668648        6.4272856251249255     
  -6.1999999582767487        6.5238026117723944     
  -6.0999999567866325        6.6174013424608820     
  -5.9999999552965164        6.7082039724833802     
  -5.8999999538064003        6.7963225751199063     
  -5.7999999523162842        6.8818602538217162     
  -5.6999999508261681        6.9649120999896104     
  -5.5999999493360519        7.0455660217924443     
  -5.4999999478459358        7.1239034646529777     
  -5.3999999463558197        7.2000000402331352     
  -5.2999999448657036        7.2739260777398291     
  -5.1999999433755875        7.3457471089667852     
  -5.0999999418854713        7.4155242965530217     
  -4.9999999403953552        7.4833148133729113     
  -4.8999999389052391        7.5491721796981590     
  -4.7999999374151230        7.6131465637287459     
  -4.6999999359250069        7.6752850502313548     
  -4.5999999344348907        7.7356318813138341     
  -4.4999999329447746        7.7942286727742998     
  -4.3999999314546585        7.8511146089710726     
  -4.2999999299645424        7.9063266187468457     
  -4.1999999284744263        7.9598995345930597     
  -4.0999999269843102        8.0118662369468350     
  -3.9999999254941940        8.0622577852637800     
  -3.8999999240040779        8.1111035372980034     
  -3.7999999225139618        8.1584312578395775     
  -3.6999999210238457        8.2042672180045138     
  -3.5999999195337296        8.2486362860388702     
  -3.4999999180436134        8.2915620104835916     
  -3.3999999165534973        8.3330666964471263     
  -3.2999999150633812        8.3731714756465898     
  -3.1999999135732651        8.4118963708031433     
  -3.0999999120831490        8.4492603549118108     
  -2.9999999105930328        8.4852814058487063     
  -2.8999999091029167        8.5199765567284906     
  -2.7999999076128006        8.5533619423808034     
  -2.6999999061226845        8.5854528422755596     
  -2.5999999046325684        8.6162637201927978     
  -2.4999999031424522        8.6458082609023741     
  -2.3999999016523361        8.6740994040919759     
  -2.2999999001622200        8.7011493757579963     
  -2.1999998986721039        8.7269697172525316     
  -2.0999998971819878        8.7515713121607845     
  -1.9999998956918716        8.7749644111661507     
  -1.8999998942017555        8.7971586550450098     
  -1.7999998927116394        8.8181630959195854     
  -1.6999998912215233        8.8379862168848629     
  -1.5999998897314072        8.8566359501144394     
  -1.4999998882412910        8.8741196935400932     
  -1.3999998867511749        8.8904443261907158     
  -1.2999998852610588        8.9056162222679021     
  -1.1999998837709427        8.9196412640279270     
  -1.0999998822808266        8.9325248535328559     
 -0.99999988079071045        8.9442719233271610     
 -0.89999987930059433        8.9548869460903262     
 -0.79999987781047821        8.9643739433104432     
 -0.69999987632036209        8.9727364930188092     
 -0.59999987483024597        8.9799777366207145     
 -0.49999987334012985        8.9861003848532572     
 -0.39999987185001373        8.9911067228967969     
 -0.29999987035989761        8.9949986146627090     
 -0.19999986886978149        8.9977775062763179     
 -9.99998673796653748E-002   8.9994444287702589     
  1.34110450744628906E-007   8.9999999999999982     
  0.10000013560056686        8.9994444257898429     
  0.20000013709068298        8.9977775003143812     
  0.30000013858079910        8.9949986057170399     
  0.40000014007091522        8.9911067109640754     
  0.50000014156103134        8.9861003699290460     
  0.60000014305114746        8.9799777186994518     
  0.70000014454126358        8.9727364720937945     
  0.80000014603137970        8.9643739193738323     
  0.90000014752149582        8.9548869191331093     
   1.0000001490116119        8.9442718933391525     
   1.1000001505017281        8.9325248205026657     
   1.2000001519918442        8.9196412279429467     
   1.3000001534819603        8.9056161831142759     
   1.4000001549720764        8.8904442839533147     
   1.5000001564621925        8.8741196482024858     
   1.6000001579523087        8.8566359016588567     
   1.7000001594424248        8.8379861652921665     
   1.8000001609325409        8.8181630411692229     
   1.9000001624226570        8.7971585971149722     
   2.0000001639127731        8.7749643500329331     
   2.1000001654028893        8.7515712477993244     
   2.2000001668930054        8.7269696496361640     
   2.3000001683831215        8.7011493048583883     
   2.4000001698732376        8.6740993298790645     
   2.5000001713633537        8.6458081833442968     
   2.6000001728534698        8.6162636392558181     
   2.7000001743435860        8.5854527579239868     
   2.8000001758337021        8.5533618545769023     
   2.9000001773238182        8.5199764654323911     
   3.0000001788139343        8.4852813110182961     
   3.1000001803040504        8.4492602565026278     
   3.2000001817941666        8.4118962687682561     
   3.3000001832842827        8.3731713699364647     
   3.4000001847743988        8.3330665870094940     
   3.5000001862645149        8.2915618972632874     
   3.6000001877546310        8.2486361689776704     
   3.7000001892447472        8.2042670970409564     
   3.8000001907348633        8.1584311329087651     
   3.9000001922249794        8.1111034083313918     
   4.0000001937150955        8.0622576521889453     
   4.1000001952052116        8.0118660996872144     
   4.2000001966953278        7.9598993930676789     
   4.3000001981854439        7.9063264728700107     
   4.4000001996755600        7.8511144586520345     
   4.5000002011656761        7.7942285179168875     
   4.6000002026557922        7.7356317218160449     
   4.7000002041459084        7.6752848859849117     
   4.8000002056360245        7.6131463946185960     
   4.9000002071261406        7.5491720056019238     
   5.0000002086162567        7.4833146341602790     
   5.1000002101063728        7.4155241120850626     
   5.2000002115964890        7.3457469190951894     
   5.3000002130866051        7.2739258823060560     
   5.4000002145767212        7.1999998390674538     
   5.5000002160668373        7.1239032575733887     
   5.6000002175569534        7.0455658086034560     
   5.7000002190470695        6.9649118804808552     
   5.8000002205371857        6.8818600277663737     
   5.9000002220273018        6.7963223422728998     
   6.0000002235174179        6.7082037325793058     
   6.1000002250075340        6.6174010952116262     
   6.2000002264976501        6.5238023568643682     
   6.3000002279877663        6.4272853622158470     
   6.4000002294778824        6.3277165757232723     
   6.5000002309679985        6.2249495578210086     
   6.6000002324581146        6.1188231655730032     
   6.7000002339482307        6.0091594141854525     
   6.8000002354383469        5.8957609176456964     
   6.9000002369284630        5.7784078023610581     
   7.0000002384185791        5.6568539544644283     
   7.1000002399086952        5.5308224156355328     
   7.2000002413988113        5.3999996781349031     
   7.3000002428889275        5.2640285384695247     
   7.4000002443790436        5.1224990369145109     
   7.5000002458691597        4.9749368148713753     
   7.6000002473592758        4.8207879273142629     
   7.7000002488493919        4.6593986916467349     
   7.8000002503395081        4.4899884292393910     
   7.9000002518296242        4.3116117660443267     
   8.0000002533197403        4.1231051341051312     
   8.1000002548098564        3.9230085230700507     
   8.2000002562999725        3.7094468316287248     
   8.3000002577900887        3.4799419134066683     
   8.4000002592802048        3.2310982102208672     
   8.5000002607703209        2.9580391422198047     
   8.6000002622604370        2.6532989822333279     
   8.7000002637505531        2.3043427285758309     
   8.8000002652406693        1.8867949893308893     
   8.9000002667307854        1.3379070416856131     
   9.0000000000000000       -0.0000000000000000     
   8.8999999985098839       -1.3379088259384744     
   8.7999999970197678       -1.8867962403110961     
   8.6999999955296516       -2.3043437412382861     
   8.5999999940395355       -2.6532998516036570     
   8.4999999925494194       -2.9580399129592334     
   8.3999999910593033       -3.2310989075241423     
   8.2999999895691872       -3.4799425531395620     
   8.1999999880790710       -3.7094474245503513     
   8.0999999865889549       -3.9230090768769488     
   7.9999999850988388       -4.1231056545301596     
   7.8999999836087227       -4.3116122574951223     
   7.7999999821186066       -4.4899888951922513     
   7.6999999806284904       -4.6593991349015429     
   7.5999999791383743       -4.8207883501660502     
   7.4999999776482582       -4.9749372192296182     
   7.3999999761581421       -5.1224994243884003     
   7.2999999746680260       -5.2640289104303770     
   7.1999999731779099       -5.4000000357627869     
   7.0999999716877937       -5.5308227599547362     
   6.9999999701976776       -5.6568542863708728     
   6.8999999687075615       -5.7784081226437829     
   6.7999999672174454       -5.8957612270039181     
   6.6999999657273293       -6.0091597132422585     
   6.5999999642372131       -6.1188234548864688     
   6.4999999627470970       -6.2249498378932930     
   6.3999999612569809       -6.3277168470081406     
   6.2999999597668648       -6.4272856251249255     
   6.1999999582767487       -6.5238026117723944     
   6.0999999567866325       -6.6174013424608820     
   5.9999999552965164       -6.7082039724833802     
   5.8999999538064003       -6.7963225751199063     
   5.7999999523162842       -6.8818602538217162     
   5.6999999508261681       -6.9649120999896104     
   5.5999999493360519       -7.0455660217924443     
   5.4999999478459358       -7.1239034646529777     
   5.3999999463558197       -7.2000000402331352     
   5.2999999448657036       -7.2739260777398291     
   5.1999999433755875       -7.3457471089667852     
   5.0999999418854713       -7.4155242965530217     
   4.9999999403953552       -7.4833148133729113     
   4.8999999389052391       -7.5491721796981590     
   4.7999999374151230       -7.6131465637287459     
   4.6999999359250069       -7.6752850502313548     
   4.5999999344348907       -7.7356318813138341     
   4.4999999329447746       -7.7942286727742998     
   4.3999999314546585       -7.8511146089710726     
   4.2999999299645424       -7.9063266187468457     
   4.1999999284744263       -7.9598995345930597     
   4.0999999269843102       -8.0118662369468350     
   3.9999999254941940       -8.0622577852637800     
   3.8999999240040779       -8.1111035372980034     
   3.7999999225139618       -8.1584312578395775     
   3.6999999210238457       -8.2042672180045138     
   3.5999999195337296       -8.2486362860388702     
   3.4999999180436134       -8.2915620104835916     
   3.3999999165534973       -8.3330666964471263     
   3.2999999150633812       -8.3731714756465898     
   3.1999999135732651       -8.4118963708031433     
   3.0999999120831490       -8.4492603549118108     
   2.9999999105930328       -8.4852814058487063     
   2.8999999091029167       -8.5199765567284906     
   2.7999999076128006       -8.5533619423808034     
   2.6999999061226845       -8.5854528422755596     
   2.5999999046325684       -8.6162637201927978     
   2.4999999031424522       -8.6458082609023741     
   2.3999999016523361       -8.6740994040919759     
   2.2999999001622200       -8.7011493757579963     
   2.1999998986721039       -8.7269697172525316     
   2.0999998971819878       -8.7515713121607845     
   1.9999998956918716       -8.7749644111661507     
   1.8999998942017555       -8.7971586550450098     
   1.7999998927116394       -8.8181630959195854     
   1.6999998912215233       -8.8379862168848629     
   1.5999998897314072       -8.8566359501144394     
   1.4999998882412910       -8.8741196935400932     
   1.3999998867511749       -8.8904443261907158     
   1.2999998852610588       -8.9056162222679021     
   1.1999998837709427       -8.9196412640279270     
   1.0999998822808266       -8.9325248535328559     
  0.99999988079071045       -8.9442719233271610     
  0.89999987930059433       -8.9548869460903262     
  0.79999987781047821       -8.9643739433104432     
  0.69999987632036209       -8.9727364930188092     
  0.59999987483024597       -8.9799777366207145     
  0.49999987334012985       -8.9861003848532572     
  0.39999987185001373       -8.9911067228967969     
  0.29999987035989761       -8.9949986146627090     
  0.19999986886978149       -8.9977775062763179     
  9.99998673796653748E-002  -8.9994444287702589     
 -1.34110450744628906E-007  -8.9999999999999982     
 -0.10000013560056686       -8.9994444257898429     
 -0.20000013709068298       -8.9977775003143812     
 -0.30000013858079910       -8.9949986057170399     
 -0.40000014007091522       -8.9911067109640754     
 -0.50000014156103134       -8.9861003699290460     
 -0.60000014305114746       -8.9799777186994518     
 -0.70000014454126358       -8.9727364720937945     
 -0.80000014603137970       -8.9643739193738323     
 -0.90000014752149582       -8.9548869191331093     
  -1.0000001490116119       -8.9442718933391525     
  -1.1000001505017281       -8.9325248205026657     
  -1.2000001519918442       -8.9196412279429467     
  -1.3000001534819603       -8.9056161831142759     
  -1.4000001549720764       -8.8904442839533147     
  -1.5000001564621925       -8.8741196482024858     
  -1.6000001579523087       -8.8566359016588567     
  -1.7000001594424248       -8.8379861652921665     
  -1.8000001609325409       -8.8181630411692229     
  -1.9000001624226570       -8.7971585971149722     
  -2.0000001639127731       -8.7749643500329331     
  -2.1000001654028893       -8.7515712477993244     
  -2.2000001668930054       -8.7269696496361640     
  -2.3000001683831215       -8.7011493048583883     
  -2.4000001698732376       -8.6740993298790645     
  -2.5000001713633537       -8.6458081833442968     
  -2.6000001728534698       -8.6162636392558181     
  -2.7000001743435860       -8.5854527579239868     
  -2.8000001758337021       -8.5533618545769023     
  -2.9000001773238182       -8.5199764654323911     
  -3.0000001788139343       -8.4852813110182961     
  -3.1000001803040504       -8.4492602565026278     
  -3.2000001817941666       -8.4118962687682561     
  -3.3000001832842827       -8.3731713699364647     
  -3.4000001847743988       -8.3330665870094940     
  -3.5000001862645149       -8.2915618972632874     
  -3.6000001877546310       -8.2486361689776704     
  -3.7000001892447472       -8.2042670970409564     
  -3.8000001907348633       -8.1584311329087651     
  -3.9000001922249794       -8.1111034083313918     
  -4.0000001937150955       -8.0622576521889453     
  -4.1000001952052116       -8.0118660996872144     
  -4.2000001966953278       -7.9598993930676789     
  -4.3000001981854439       -7.9063264728700107     
  -4.4000001996755600       -7.8511144586520345     
  -4.5000002011656761       -7.7942285179168875     
  -4.6000002026557922       -7.7356317218160449     
  -4.7000002041459084       -7.6752848859849117     
  -4.8000002056360245       -7.6131463946185960     
  -4.9000002071261406       -7.5491720056019238     
  -5.0000002086162567       -7.4833146341602790     
  -5.1000002101063728       -7.4155241120850626     
  -5.2000002115964890       -7.3457469190951894     
  -5.3000002130866051       -7.2739258823060560     
  -5.4000002145767212       -7.1999998390674538     
  -5.5000002160668373       -7.1239032575733887     
  -5.6000002175569534       -7.0455658086034560     
  -5.7000002190470695       -6.9649118804808552     
  -5.8000002205371857       -6.8818600277663737     
  -5.9000002220273018       -6.7963223422728998     
  -6.0000002235174179       -6.7082037325793058     
  -6.1000002250075340       -6.6174010952116262     
  -6.2000002264976501       -6.5238023568643682     
  -6.3000002279877663       -6.4272853622158470     
  -6.4000002294778824       -6.3277165757232723     
  -6.5000002309679985       -6.2249495578210086     
  -6.6000002324581146       -6.1188231655730032     
  -6.7000002339482307       -6.0091594141854525     
  -6.8000002354383469       -5.8957609176456964     
  -6.9000002369284630       -5.7784078023610581     
  -7.0000002384185791       -5.6568539544644283     
  -7.1000002399086952       -5.5308224156355328     
  -7.2000002413988113       -5.3999996781349031     
  -7.3000002428889275       -5.2640285384695247     
  -7.4000002443790436       -5.1224990369145109     
  -7.5000002458691597       -4.9749368148713753     
  -7.6000002473592758       -4.8207879273142629     
  -7.7000002488493919       -4.6593986916467349     
  -7.8000002503395081       -4.4899884292393910     
  -7.9000002518296242       -4.3116117660443267     
  -8.0000002533197403       -4.1231051341051312     
  -8.1000002548098564       -3.9230085230700507     
  -8.2000002562999725       -3.7094468316287248     
  -8.3000002577900887       -3.4799419134066683     
  -8.4000002592802048       -3.2310982102208672     
  -8.5000002607703209       -2.9580391422198047     
  -8.6000002622604370       -2.6532989822333279     
  -8.7000002637505531       -2.3043427285758309     
  -8.8000002652406693       -1.8867949893308893     
  -8.9000002667307854       -1.3379070416856131     
  -9.0000000000000000        0.0000000    
