  -10.000000000000000        0.0000000000000000     
  -9.8999999985098839        1.4106736084241100     
  -9.7999999970197678        1.9899748888899458     
  -9.6999999955296516        2.4310491740655427     
  -9.5999999940395355        2.8000000204358781     
  -9.4999999925494194        3.1224990218671058     
  -9.3999999910593033        3.4117444464797035     
  -9.2999999895691872        3.6755952162898895     
  -9.1999999880790710        3.9191836164366034     
  -9.0999999865889549        4.1460825177607141     
  -8.9999999850988388        4.3588989743077207     
  -8.8999999836087227        4.5596052780657157     
  -8.7999999821186066        4.7497368679446366     
  -8.6999999806284904        4.9305172484298510     
  -8.5999999791383743        5.1029403640273872     
  -8.4999999776482582        5.2678269124924375     
  -8.3999999761581421        5.4258640234107611     
  -8.2999999746680260        5.5776339446498966     
  -8.1999999731779099        5.7236352469285006     
  -8.0999999716877937        5.8642988036642318     
  -7.9999999701976776        6.0000000397364293     
  -7.8999999687075615        6.1310684627086438     
  -7.7999999672174454        6.2577951797264708     
  -7.6999999657273293        6.3804388977404312     
  -7.5999999642372131        6.4992307655286679     
  -7.4999999627470970        6.6143783199022979     
  -7.3999999612569809        6.7260687309450446     
  -7.2999999597668648        6.8344714929103167     
  -7.1999999582767487        6.9397406724469768     
  -7.0999999567866325        7.0420168001524832     
  -6.9999999552965164        7.1414284723610280     
  -6.8999999538064003        7.2380937157149097     
  -6.7999999523162842        7.3321211561524633     
  -6.6999999508261681        7.4236110255676344     
  -6.5999999493360519        7.5126560329063459     
  -6.4999999478459358        7.5993421213946428     
  -6.3999999463558197        7.6837491296010896     
  -6.2999999448657036        7.7659513708683585     
  -6.1999999433755875        7.8460181431183749     
  -6.0999999418854713        7.9240141790002649     
  -5.9999999403953552        8.0000000447034836     
  -5.8999999389052391        8.0740324944180255     
  -5.7999999374151230        8.1461647863264197     
  -5.6999999359250069        8.2164469651093661     
  -5.5999999344348907        8.2849261152003777     
  -5.4999999329447746        8.3516465884044369     
  -5.3999999314546585        8.4166502089780160     
  -5.2999999299645424        8.4799764588338249     
  -5.1999999284744263        8.5416626451684436     
  -5.0999999269843102        8.6017440525023776     
  -4.9999999254941940        8.6602540808603337     
  -4.8999999240040779        8.7172243715967319     
  -4.7999999225139618        8.7726849221812344     
  -4.6999999210238457        8.8266641910959684     
  -4.5999999195337296        8.8791891938560283     
  -4.4999999180436134        8.9302855910439654     
  -4.3999999165534973        8.9799777691444884     
  -4.2999999150633812        9.0282889148750058     
  -4.1999999135732651        9.0752410836288284     
  -4.0999999120831490        9.1208552625791715     
  -3.9999999105930328        9.1651514289320790     
  -3.8999999091029167        9.2081486037638012     
  -3.7999999076128006        9.2498649018319572     
  -3.6999999061226845        9.2903175777091782     
  -3.5999999046325684        9.3295230685520849     
  -3.4999999031424522        9.3674970337867105     
  -3.3999999016523361        9.4042543919634642     
  -3.2999999001622200        9.4398093550097357     
  -3.1999998986721039        9.4741754600861459     
  -3.0999998971819878        9.5073655992326103     
  -2.9999998956918716        9.5393920469728446     
  -2.8999998942017555        9.5702664860300413     
  -2.7999998927116394        9.6000000312924385     
  -2.6999998912215233        9.6286032521546847     
  -2.5999998897314072        9.6560861933495943     
  -2.4999998882412910        9.6824583943745157     
  -2.3999998867511749        9.7077289076072955     
  -2.2999998852610588        9.7319063151984313     
  -2.1999998837709427        9.7549987448183639     
  -2.0999998822808266        9.7770138843319909     
  -1.9999998807907104        9.7979589954662067     
  -1.8999998793005943        9.8178409265305238     
  -1.7999998778104782        9.8366661242456672     
  -1.6999998763203621        9.8544406447302091     
  -1.5999998748302460        9.8711701636909890     
  -1.4999998733401299        9.8868599858589885     
  -1.3999998718500137        9.9015150537086978     
  -1.2999998703598976        9.9151399554955475     
  -1.1999998688697815        9.9277389326428462     
  -1.0999998673796654        9.9393158865067122     
 -0.99999986588954926        9.9498743845448061     
 -0.89999986439943314        9.9594176659120492     
 -0.79999986290931702        9.9679486465042082     
 -0.69999986141920090        9.9754699234679212     
 -0.59999985992908478        9.9819837791936461     
 -0.49999985843896866        9.9874921848060048     
 -0.39999985694885254        9.9919968031640654     
 -0.29999985545873642        9.9954989913823074     
 -0.19999985396862030        9.9979998028812016     
 -9.99998524785041809E-002   9.9994999889746623     
  1.49011611938476563E-007   9.9999999999999982     
  0.10000015050172806        9.9994999859942819     
  0.20000015199184418        9.9979997969195438     
  0.30000015348196030        9.9954989824375851     
  0.40000015497207642        9.9919967912335874     
  0.50000015646219254        9.9874921698861812     
  0.60000015795230865        9.9819837612799791     
  0.70000015944242477        9.9754699025549964     
  0.80000016093254089        9.9679486225856877     
  0.90000016242265701        9.9594176389806641     
   1.0000001639127731        9.9498743545923443     
   1.1000001654028893        9.9393158535240040     
   1.2000001668930054        9.9277388966197506     
   1.3000001683831215        9.9151399164209408     
   1.4000001698732376        9.9015150115704476     
   1.5000001713633537        9.8868599406439408     
   1.6000001728534698        9.8711701153849472     
   1.7000001743435860        9.8544405933179071     
   1.8000001758337021        9.8366660697107449     
   1.9000001773238182        9.8178408688555070     
   2.0000001788139343        9.7979589346324687     
   2.1000001803040504        9.7770138203197270     
   2.2000001817941666        9.7549986776065545     
   2.3000001832842827        9.7319062447648079     
   2.4000001847743988        9.7077288339282966     
   2.5000001862645149        9.6824583174252492     
   2.6000001877546310        9.6560861131037914     
   2.7000001892447472        9.6286031685846485     
   2.8000001907348633        9.5999999443689958     
   2.9000001922249794        9.5702663957224878     
   3.0000001937150955        9.5393919532488756     
   3.1000001952052116        9.5073655020582670     
   3.2000001966953278        9.4741753594257414     
   3.3000001981854439        9.4398092508257836     
   3.4000001996755600        9.4042542842165933     
   3.5000002011656761        9.3674969224355884     
   3.6000002026557922        9.3295229535533188     
   3.7000002041459084        9.2903174590172242     
   3.8000002056360245        9.2498647793990028     
   3.9000002071261406        9.2081484775396660     
   4.0000002086162567        9.1651512988640782     
   4.1000002101063728        9.1208551286119928     
   4.2000002115964890        9.0752409457043868     
   4.3000002130866051        9.0282887729322852     
   4.4000002145767212        8.9799776231193817     
   4.5000002160668373        8.9302854408690884     
   4.6000002175569534        8.8791890394605293     
   4.7000002190470695        8.8266640324053061     
   4.8000002205371857        8.7726847591169577     
   4.9000002220273018        8.7172242040762260     
   5.0000002235174179        8.6602539087965411     
   5.1000002250075340        8.6017438758035052     
   5.2000002264976501        8.5416624637376302     
   5.3000002279877663        8.4799762725687877     
   5.4000002294778824        8.4166500177706585     
   5.5000002309679985        8.3516463921404114     
   5.6000002324581146        8.2849259137586166     
   5.7000002339482307        8.2164467583615561     
   5.8000002354383469        8.1461645741364155     
   5.9000002369284630        8.0740322766412120     
   6.0000002384185791        7.9999998211860603     
   6.1000002399086952        7.9240139495784501     
   6.2000002413988113        7.8460179076175116     
   6.3000002428889275        7.7659511291019241     
   6.4000002443790436        7.6837488813695742     
   6.5000002458691597        7.5993418664842851     
   6.6000002473592758        7.5126557710877115     
   6.7000002488493919        7.4236107565939964     
   6.8000002503395081        7.3321208797579587     
   6.9000002518296242        7.2380934316124383     
   7.0000002533197403        7.1414281802398305     
   7.1000002548098564        7.0420164996753574     
   7.2000002562999725        6.9397403632470525     
   7.3000002577900887        6.8344711745872946     
   7.4000002592802048        6.7260684030608031     
   7.5000002607703209        6.6143779819757142     
   7.6000002622604370        6.4992304170294881     
   7.7000002637505531        6.3804385380819566     
   7.8000002652406693        6.2577948082567785     
   7.9000002667307854        6.1310680786999523     
   8.0000002682209015        5.9999996423721145     
   8.1000002697110176        5.8642983920228211     
   8.2000002712011337        5.7236348199637384     
   8.3000002726912498        5.5776335011656313     
   8.4000002741813660        5.4258635620289031     
   8.5000002756714821        5.2678264316114980     
   8.6000002771615982        5.1029398617679629     
   8.7000002786517143        4.9305167225616522     
   8.8000002801418304        4.7497363157867731     
   8.9000002816319466        4.5596046963471810     
   9.0000002831220627        4.3588983589667230     
   9.1000002846121788        4.1460818636464793     
   9.2000002861022949        3.9191829168485732     
   9.3000002875924110        3.6755944622307113     
   9.4000002890825272        3.4117436253693514     
   9.5000002905726433        3.1224981151507030     
   9.6000002920627594        2.7999989986417733     
   9.7000002935528755        2.4310479849386208     
   9.8000002950429916        1.9899734212188054     
   9.9000002965331078        1.4106715169182293     
   10.000000000000000       -0.0000000000000000     
   9.8999999985098839       -1.4106736084241100     
   9.7999999970197678       -1.9899748888899458     
   9.6999999955296516       -2.4310491740655427     
   9.5999999940395355       -2.8000000204358781     
   9.4999999925494194       -3.1224990218671058     
   9.3999999910593033       -3.4117444464797035     
   9.2999999895691872       -3.6755952162898895     
   9.1999999880790710       -3.9191836164366034     
   9.0999999865889549       -4.1460825177607141     
   8.9999999850988388       -4.3588989743077207     
   8.8999999836087227       -4.5596052780657157     
   8.7999999821186066       -4.7497368679446366     
   8.6999999806284904       -4.9305172484298510     
   8.5999999791383743       -5.1029403640273872     
   8.4999999776482582       -5.2678269124924375     
   8.3999999761581421       -5.4258640234107611     
   8.2999999746680260       -5.5776339446498966     
   8.1999999731779099       -5.7236352469285006     
   8.0999999716877937       -5.8642988036642318     
   7.9999999701976776       -6.0000000397364293     
   7.8999999687075615       -6.1310684627086438     
   7.7999999672174454       -6.2577951797264708     
   7.6999999657273293       -6.3804388977404312     
   7.5999999642372131       -6.4992307655286679     
   7.4999999627470970       -6.6143783199022979     
   7.3999999612569809       -6.7260687309450446     
   7.2999999597668648       -6.8344714929103167     
   7.1999999582767487       -6.9397406724469768     
   7.0999999567866325       -7.0420168001524832     
   6.9999999552965164       -7.1414284723610280     
   6.8999999538064003       -7.2380937157149097     
   6.7999999523162842       -7.3321211561524633     
   6.6999999508261681       -7.4236110255676344     
   6.5999999493360519       -7.5126560329063459     
   6.4999999478459358       -7.5993421213946428     
   6.3999999463558197       -7.6837491296010896     
   6.2999999448657036       -7.7659513708683585     
   6.1999999433755875       -7.8460181431183749     
   6.0999999418854713       -7.9240141790002649     
   5.9999999403953552       -8.0000000447034836     
   5.8999999389052391       -8.0740324944180255     
   5.7999999374151230       -8.1461647863264197     
   5.6999999359250069       -8.2164469651093661     
   5.5999999344348907       -8.2849261152003777     
   5.4999999329447746       -8.3516465884044369     
   5.3999999314546585       -8.4166502089780160     
   5.2999999299645424       -8.4799764588338249     
   5.1999999284744263       -8.5416626451684436     
   5.0999999269843102       -8.6017440525023776     
   4.9999999254941940       -8.6602540808603337     
   4.8999999240040779       -8.7172243715967319     
   4.7999999225139618       -8.7726849221812344     
   4.6999999210238457       -8.8266641910959684     
   4.5999999195337296       -8.8791891938560283     
   4.4999999180436134       -8.9302855910439654     
   4.3999999165534973       -8.9799777691444884     
   4.2999999150633812       -9.0282889148750058     
   4.1999999135732651       -9.0752410836288284     
   4.0999999120831490       -9.1208552625791715     
   3.9999999105930328       -9.1651514289320790     
   3.8999999091029167       -9.2081486037638012     
   3.7999999076128006       -9.2498649018319572     
   3.6999999061226845       -9.2903175777091782     
   3.5999999046325684       -9.3295230685520849     
   3.4999999031424522       -9.3674970337867105     
   3.3999999016523361       -9.4042543919634642     
   3.2999999001622200       -9.4398093550097357     
   3.1999998986721039       -9.4741754600861459     
   3.0999998971819878       -9.5073655992326103     
   2.9999998956918716       -9.5393920469728446     
   2.8999998942017555       -9.5702664860300413     
   2.7999998927116394       -9.6000000312924385     
   2.6999998912215233       -9.6286032521546847     
   2.5999998897314072       -9.6560861933495943     
   2.4999998882412910       -9.6824583943745157     
   2.3999998867511749       -9.7077289076072955     
   2.2999998852610588       -9.7319063151984313     
   2.1999998837709427       -9.7549987448183639     
   2.0999998822808266       -9.7770138843319909     
   1.9999998807907104       -9.7979589954662067     
   1.8999998793005943       -9.8178409265305238     
   1.7999998778104782       -9.8366661242456672     
   1.6999998763203621       -9.8544406447302091     
   1.5999998748302460       -9.8711701636909890     
   1.4999998733401299       -9.8868599858589885     
   1.3999998718500137       -9.9015150537086978     
   1.2999998703598976       -9.9151399554955475     
   1.1999998688697815       -9.9277389326428462     
   1.0999998673796654       -9.9393158865067122     
  0.99999986588954926       -9.9498743845448061     
  0.89999986439943314       -9.9594176659120492     
  0.79999986290931702       -9.9679486465042082     
  0.69999986141920090       -9.9754699234679212     
  0.59999985992908478       -9.9819837791936461     
  0.49999985843896866       -9.9874921848060048     
  0.39999985694885254       -9.9919968031640654     
  0.29999985545873642       -9.9954989913823074     
  0.19999985396862030       -9.9979998028812016     
  9.99998524785041809E-002  -9.9994999889746623     
 -1.49011611938476563E-007  -9.9999999999999982     
 -0.10000015050172806       -9.9994999859942819     
 -0.20000015199184418       -9.9979997969195438     
 -0.30000015348196030       -9.9954989824375851     
 -0.40000015497207642       -9.9919967912335874     
 -0.50000015646219254       -9.9874921698861812     
 -0.60000015795230865       -9.9819837612799791     
 -0.70000015944242477       -9.9754699025549964     
 -0.80000016093254089       -9.9679486225856877     
 -0.90000016242265701       -9.9594176389806641     
  -1.0000001639127731       -9.9498743545923443     
  -1.1000001654028893       -9.9393158535240040     
  -1.2000001668930054       -9.9277388966197506     
  -1.3000001683831215       -9.9151399164209408     
  -1.4000001698732376       -9.9015150115704476     
  -1.5000001713633537       -9.8868599406439408     
  -1.6000001728534698       -9.8711701153849472     
  -1.7000001743435860       -9.8544405933179071     
  -1.8000001758337021       -9.8366660697107449     
  -1.9000001773238182       -9.8178408688555070     
  -2.0000001788139343       -9.7979589346324687     
  -2.1000001803040504       -9.7770138203197270     
  -2.2000001817941666       -9.7549986776065545     
  -2.3000001832842827       -9.7319062447648079     
  -2.4000001847743988       -9.7077288339282966     
  -2.5000001862645149       -9.6824583174252492     
  -2.6000001877546310       -9.6560861131037914     
  -2.7000001892447472       -9.6286031685846485     
  -2.8000001907348633       -9.5999999443689958     
  -2.9000001922249794       -9.5702663957224878     
  -3.0000001937150955       -9.5393919532488756     
  -3.1000001952052116       -9.5073655020582670     
  -3.2000001966953278       -9.4741753594257414     
  -3.3000001981854439       -9.4398092508257836     
  -3.4000001996755600       -9.4042542842165933     
  -3.5000002011656761       -9.3674969224355884     
  -3.6000002026557922       -9.3295229535533188     
  -3.7000002041459084       -9.2903174590172242     
  -3.8000002056360245       -9.2498647793990028     
  -3.9000002071261406       -9.2081484775396660     
  -4.0000002086162567       -9.1651512988640782     
  -4.1000002101063728       -9.1208551286119928     
  -4.2000002115964890       -9.0752409457043868     
  -4.3000002130866051       -9.0282887729322852     
  -4.4000002145767212       -8.9799776231193817     
  -4.5000002160668373       -8.9302854408690884     
  -4.6000002175569534       -8.8791890394605293     
  -4.7000002190470695       -8.8266640324053061     
  -4.8000002205371857       -8.7726847591169577     
  -4.9000002220273018       -8.7172242040762260     
  -5.0000002235174179       -8.6602539087965411     
  -5.1000002250075340       -8.6017438758035052     
  -5.2000002264976501       -8.5416624637376302     
  -5.3000002279877663       -8.4799762725687877     
  -5.4000002294778824       -8.4166500177706585     
  -5.5000002309679985       -8.3516463921404114     
  -5.6000002324581146       -8.2849259137586166     
  -5.7000002339482307       -8.2164467583615561     
  -5.8000002354383469       -8.1461645741364155     
  -5.9000002369284630       -8.0740322766412120     
  -6.0000002384185791       -7.9999998211860603     
  -6.1000002399086952       -7.9240139495784501     
  -6.2000002413988113       -7.8460179076175116     
  -6.3000002428889275       -7.7659511291019241     
  -6.4000002443790436       -7.6837488813695742     
  -6.5000002458691597       -7.5993418664842851     
  -6.6000002473592758       -7.5126557710877115     
  -6.7000002488493919       -7.4236107565939964     
  -6.8000002503395081       -7.3321208797579587     
  -6.9000002518296242       -7.2380934316124383     
  -7.0000002533197403       -7.1414281802398305     
  -7.1000002548098564       -7.0420164996753574     
  -7.2000002562999725       -6.9397403632470525     
  -7.3000002577900887       -6.8344711745872946     
  -7.4000002592802048       -6.7260684030608031     
  -7.5000002607703209       -6.6143779819757142     
  -7.6000002622604370       -6.4992304170294881     
  -7.7000002637505531       -6.3804385380819566     
  -7.8000002652406693       -6.2577948082567785     
  -7.9000002667307854       -6.1310680786999523     
  -8.0000002682209015       -5.9999996423721145     
  -8.1000002697110176       -5.8642983920228211     
  -8.2000002712011337       -5.7236348199637384     
  -8.3000002726912498       -5.5776335011656313     
  -8.4000002741813660       -5.4258635620289031     
  -8.5000002756714821       -5.2678264316114980     
  -8.6000002771615982       -5.1029398617679629     
  -8.7000002786517143       -4.9305167225616522     
  -8.8000002801418304       -4.7497363157867731     
  -8.9000002816319466       -4.5596046963471810     
  -9.0000002831220627       -4.3588983589667230     
  -9.1000002846121788       -4.1460818636464793     
  -9.2000002861022949       -3.9191829168485732     
  -9.3000002875924110       -3.6755944622307113     
  -9.4000002890825272       -3.4117436253693514     
  -9.5000002905726433       -3.1224981151507030     
  -9.6000002920627594       -2.7999989986417733     
  -9.7000002935528755       -2.4310479849386208     
  -9.8000002950429916       -1.9899734212188054     
  -9.9000002965331078       -1.4106715169182293     
  -10.000000000000000        0.0000000    
