  -4.0000000000000000        0.0000000000000000     
  -3.8999999985098839       0.88881944826995418     
  -3.7999999970197678        1.2489996087468422     
  -3.6999999955296516        1.5198684262397775     
  -3.5999999940395355        1.7435595897230884     
  -3.4999999925494194        1.9364916865698298     
  -3.3999999910593033        2.1071307649969753     
  -3.2999999895691872        2.2605309263187188     
  -3.1999999880790710        2.4000000158945718     
  -3.0999999865889549        2.5278449483994225     
  -2.9999999850988388        2.6457513279609191     
  -2.8999999836087227        2.7549954800451868     
  -2.7999999821186066        2.8565713889444111     
  -2.6999999806284904        2.9512709303969622     
  -2.5999999791383743        3.0397368485578573     
  -2.4999999776482582        3.1224990170949147     
  -2.3999999761581421        3.2000000178813934     
  -2.2999999746680260        3.2726136521940807     
  -2.1999999731779099        3.3406586353617747     
  -2.0999999716877937        3.4044089235741444     
  -1.9999999701976776        3.4641016323441334     
  -1.8999999687075615        3.5199431982506857     
  -1.7999999672174454        3.5721142364175864     
  -1.6999999657273293        3.6207734141377972     
  -1.5999999642372131        3.6660605715728316     
  -1.4999999627470970        3.7080992586173727     
  -1.3999999612569809        3.7469988135146841     
  -1.2999999597668648        3.7828560777018931     
  -1.1999999582767487        3.8157568187891377     
  -1.0999999567866325        3.8457769169661162     
 -0.99999995529651642        3.8729833577498063     
 -0.89999995380640030        3.8974350646480920     
 -0.79999995231628418        3.9191835981864824     
 -0.69999995082616806        3.9382737422433403     
 -0.59999994933605194        3.9547439943435951     
 -0.49999994784593582        3.9686269731676802     
 -0.39999994635581970        3.9799497538179223     
 -0.29999994486570358        3.9887341391825770     
 -0.19999994337558746        3.9949968739224015     
 -9.99999418854713440E-002   3.9987498060797582     
  5.96046447753906250E-008   3.9999999999999996     
  0.10000006109476089        3.9987498030985940     
  0.20000006258487701        3.9949968679544727     
  0.30000006407499313        3.9887341302166281     
  0.40000006556510925        3.9799497418369381     
  0.50000006705522537        3.9686269581487208     
  0.60000006854534149        3.9547439762575762     
  0.70000007003545761        3.9382737210547409     
  0.80000007152557373        3.9191835738529877     
  0.90000007301568985        3.8974350371201512     
   1.0000000745058060        3.8729833269700999     
   1.1000000759959221        3.8457768828689174     
   1.2000000774860382        3.8157567812995499     
   1.3000000789761543        3.7828560367349420     
   1.4000000804662704        3.7469987689742354     
   1.5000000819563866        3.7080992103948396     
   1.6000000834465027        3.6660605195456313     
   1.7000000849366188        3.6207733581674910     
   1.8000000864267349        3.5721141763476356     
   1.9000000879168510        3.5199431339037224     
   2.0000000894069672        3.4641015635186165     
   2.1000000908970833        3.4044088500402303     
   2.2000000923871994        3.3406585568561651     
   2.3000000938773155        3.2726135684135302     
   2.4000000953674316        3.1999999284744240     
   2.5000000968575478        3.1224989216510952     
   2.6000000983476639        3.0397367465937144     
   2.7000000998377800        2.9512708213371366     
   2.8000001013278961        2.8565712720959322     
   2.9000001028180122        2.7549953545615131     
   3.0000001043081284        2.6457511927902857     
   3.1000001057982445        2.5278448022081723     
   3.2000001072883606        2.3999998569488459     
   3.3000001087784767        2.2605307522929303     
   3.4000001102685928        2.1071305726445990     
   3.5000001117587090        1.9364914711118726     
   3.6000001132488251        1.7435593435866892     
   3.7000001147389412        1.5198681360341173     
   3.8000001162290573        1.2489992460602812     
   3.9000001177191734       0.88881892519817185     
   4.0000000000000000       -0.0000000000000000     
   3.8999999985098839      -0.88881944826995418     
   3.7999999970197678       -1.2489996087468422     
   3.6999999955296516       -1.5198684262397775     
   3.5999999940395355       -1.7435595897230884     
   3.4999999925494194       -1.9364916865698298     
   3.3999999910593033       -2.1071307649969753     
   3.2999999895691872       -2.2605309263187188     
   3.1999999880790710       -2.4000000158945718     
   3.0999999865889549       -2.5278449483994225     
   2.9999999850988388       -2.6457513279609191     
   2.8999999836087227       -2.7549954800451868     
   2.7999999821186066       -2.8565713889444111     
   2.6999999806284904       -2.9512709303969622     
   2.5999999791383743       -3.0397368485578573     
   2.4999999776482582       -3.1224990170949147     
   2.3999999761581421       -3.2000000178813934     
   2.2999999746680260       -3.2726136521940807     
   2.1999999731779099       -3.3406586353617747     
   2.0999999716877937       -3.4044089235741444     
   1.9999999701976776       -3.4641016323441334     
   1.8999999687075615       -3.5199431982506857     
   1.7999999672174454       -3.5721142364175864     
   1.6999999657273293       -3.6207734141377972     
   1.5999999642372131       -3.6660605715728316     
   1.4999999627470970       -3.7080992586173727     
   1.3999999612569809       -3.7469988135146841     
   1.2999999597668648       -3.7828560777018931     
   1.1999999582767487       -3.8157568187891377     
   1.0999999567866325       -3.8457769169661162     
  0.99999995529651642       -3.8729833577498063     
  0.89999995380640030       -3.8974350646480920     
  0.79999995231628418       -3.9191835981864824     
  0.69999995082616806       -3.9382737422433403     
  0.59999994933605194       -3.9547439943435951     
  0.49999994784593582       -3.9686269731676802     
  0.39999994635581970       -3.9799497538179223     
  0.29999994486570358       -3.9887341391825770     
  0.19999994337558746       -3.9949968739224015     
  9.99999418854713440E-002  -3.9987498060797582     
 -5.96046447753906250E-008  -3.9999999999999996     
 -0.10000006109476089       -3.9987498030985940     
 -0.20000006258487701       -3.9949968679544727     
 -0.30000006407499313       -3.9887341302166281     
 -0.40000006556510925       -3.9799497418369381     
 -0.50000006705522537       -3.9686269581487208     
 -0.60000006854534149       -3.9547439762575762     
 -0.70000007003545761       -3.9382737210547409     
 -0.80000007152557373       -3.9191835738529877     
 -0.90000007301568985       -3.8974350371201512     
  -1.0000000745058060       -3.8729833269700999     
  -1.1000000759959221       -3.8457768828689174     
  -1.2000000774860382       -3.8157567812995499     
  -1.3000000789761543       -3.7828560367349420     
  -1.4000000804662704       -3.7469987689742354     
  -1.5000000819563866       -3.7080992103948396     
  -1.6000000834465027       -3.6660605195456313     
  -1.7000000849366188       -3.6207733581674910     
  -1.8000000864267349       -3.5721141763476356     
  -1.9000000879168510       -3.5199431339037224     
  -2.0000000894069672       -3.4641015635186165     
  -2.1000000908970833       -3.4044088500402303     
  -2.2000000923871994       -3.3406585568561651     
  -2.3000000938773155       -3.2726135684135302     
  -2.4000000953674316       -3.1999999284744240     
  -2.5000000968575478       -3.1224989216510952     
  -2.6000000983476639       -3.0397367465937144     
  -2.7000000998377800       -2.9512708213371366     
  -2.8000001013278961       -2.8565712720959322     
  -2.9000001028180122       -2.7549953545615131     
  -3.0000001043081284       -2.6457511927902857     
  -3.1000001057982445       -2.5278448022081723     
  -3.2000001072883606       -2.3999998569488459     
  -3.3000001087784767       -2.2605307522929303     
  -3.4000001102685928       -2.1071305726445990     
  -3.5000001117587090       -1.9364914711118726     
  -3.6000001132488251       -1.7435593435866892     
  -3.7000001147389412       -1.5198681360341173     
  -3.8000001162290573       -1.2489992460602812     
  -3.9000001177191734      -0.88881892519817185     
  -4.0000000000000000        0.0000000    
