   10.797630587213835      -4.83954956020826305E-002   165.30000000000001     
   14.502898533695113       0.68779411959292125        156.19999999999999     
   15.444569633696343      -0.49749644080361810        150.19999999999999     
   18.675841222820477      -0.23025214843141684        141.30000000000001     
   20.848634017999874       0.82824842787764230        135.40000000000001     
   28.896193349582315      -0.11845996520060713        112.80000000000000     
   33.569094267761002       0.40374631757130031        102.00000000000000     
   33.878526827913127      -0.18701704172939890        96.799999999999997     
   39.796042075984225      -0.39742377812676805        82.000000000000000     
   39.950255654668297      -0.34580686308420988        82.000000000000000     
   52.821012962672555       0.33435013394826413        54.299999999999997     
   56.437571983409953      -0.63335743754495455        48.899999999999999     
   60.950910006704213      -0.12951301098316079        40.799999999999997     
   63.240208867174942       0.44251004375603825        37.899999999999999     
   280.44722842144694      -0.95239933338186900       -21.800000000000001     
   281.38402423733442      -0.89520547926750338       -21.800000000000001     
   305.38021143286682        1.5312941370395328       -50.600000000000001     
   305.46234316204561        1.5599676889780030       -50.600000000000001     
   305.50754798886680        1.3185504150863738       -50.600000000000001     
   307.65709040079349      -0.41119707382099335       -54.299999999999997     
   307.92115499641017        1.2323101316637275       -54.299999999999997     
   307.93062630661615        1.2357665079105846       -54.299999999999997     
   308.99469591543959        2.0314399895558073       -58.100000000000001     
   311.54596785143355       0.78160092078850063       -62.100000000000001     
   311.88665448976707       0.91807634293700568       -64.200000000000003     
   314.10283987297595        1.8226315856499711       -66.200000000000003     
   316.62435400057598       0.41982199085512550       -72.799999999999997     
   317.54256030485607        1.4493221275888664       -75.000000000000000     
   317.84310545069019       0.85280775121205787       -75.000000000000000     
   318.89849920307529      -2.74805375291884806E-002  -77.299999999999997     
   318.86552836956304      -0.10929976172625418       -77.299999999999997     
   319.90489068523345        1.5408957733652346       -77.299999999999997     
   319.30392532132839      -0.28973132385610384       -79.599999999999994     
   320.00955890472034        1.0620058735591775       -79.599999999999994     
   320.74989732592610        1.6981698554644276       -82.000000000000000     
   320.73437301670600       0.44108899365307147       -82.000000000000000     
   321.32579012820338      -0.17441715027474405       -84.400000000000006     
   322.90844763055242        1.7026948612434782       -86.799999999999997     
   325.34863224293264        1.6508573673621632       -91.799999999999997     
   327.74936625812427        1.1548819385655589       -96.799999999999997     
   326.83851834869694       0.67467742074109571       -96.799999999999997     
   328.10661807605709       0.36114100281285677       -99.400000000000006     
   328.01383898503576      -0.12496994913449025       -102.00000000000000     
   328.93880515478605        1.2611798471768509       -99.400000000000006     
   328.62252795342005       0.73070517501475085       -102.00000000000000     
   329.64745750066317       0.62172393008386162       -104.70000000000000     
   329.62785064549394       0.61706919680272510       -104.70000000000000     
   330.33564143867767        1.1320220588426597       -104.70000000000000     
   331.05765383114277       0.37180852512633861       -107.40000000000001     
   331.08921189643758      -0.20913089963226997       -110.09999999999999     
   332.26253764201988        1.1626975491277356       -107.40000000000001     
   331.23138255118346      -0.44876554358938042       -110.09999999999999     
   331.96156828140141       0.94686401127666298       -110.09999999999999     
   332.39257797740419        2.1400044773360096       -110.09999999999999     
   332.47985956911765       0.70122401123597455       -110.09999999999999     
   332.19916244344660       0.56188823663163634       -112.80000000000000     
   332.61860310409651      -3.87634497005266004E-002  -112.80000000000000     
   333.65620071962911        1.2512406004918459       -112.80000000000000     
   333.70214101105449       0.99803149973633654       -112.80000000000000     
   332.78803732567690      -0.52766324743034576       -115.50000000000000     
   334.14282466511986       0.71319023338335108       -112.80000000000000     
   334.20220949119243        1.9495730111235789       -115.50000000000000     
   334.04016037586064       0.52197017846138472       -115.50000000000000     
   334.21232314329103        1.9392014336711065       -115.50000000000000     
   334.02602506220552       0.40440483940185717       -115.50000000000000     
   333.99117307762288       0.24547821170274139       -115.50000000000000     
   333.96702654645378       0.22632828575909250       -115.50000000000000     
   333.81965437967762      -7.05095446190206893E-002  -115.50000000000000     
   335.67019430835285       0.18514124859592962       -121.09999999999999     
   336.51594536979468       0.58142416746426007       -123.90000000000001     
   336.63332403524055      -0.14596151031142779       -123.90000000000001     
   338.01909350507111        1.1173630633362803       -126.80000000000000     
   337.78412791614238       0.84231647928279030       -126.80000000000000     
   337.82685087826093       0.67628592747015936       -123.90000000000001     
   337.47738388384340       0.69577486700074065       -126.80000000000000     
   337.96704957980501       0.53004654992999012       -123.90000000000001     
   337.91385260711024      -1.35441057878372094E-002  -126.80000000000000     
   337.79249904294528      -4.03979303960878486E-002  -126.80000000000000     
   339.12870262466078        1.3098731404003061       -126.80000000000000     
   338.16592215323902      -0.30799544296638648       -129.59999999999999     
   339.02709224971125       0.68612249939036885       -129.59999999999999     
   339.11697229125332       0.60411663276282468       -129.59999999999999     
   339.08794520656699       0.57504600463240696       -129.59999999999999     
   340.20820348811128        1.4594130368914993       -129.59999999999999     
   339.96546602696424        1.4880276429415185       -129.59999999999999     
   339.14562774515935       6.22673946931262615E-002  -132.50000000000000     
   340.42076499632708        1.2357528104419899       -132.50000000000000     
   340.63245532582977       0.71198230715659927       -135.40000000000001     
   340.77140542640268       8.22638574140146552E-003  -135.40000000000001     
   340.44859540426631       6.47359653886559749E-002  -135.40000000000001     
   340.60622276801877       8.84473274260531676E-003  -135.40000000000001     
   342.73996163876683       0.92128050978597065       -141.30000000000001     
   344.42534797469665       0.65845902893663177       -147.19999999999999     
   344.81720922614738      -0.19140714532527286       -147.19999999999999     
   345.72548524925918        1.0290272471383799       -147.19999999999999     
   345.72671244937823       0.99935431695398080       -147.19999999999999     
   346.78507875786420        1.2526614267383425       -150.19999999999999     
   347.13155192928764        1.1091839717210650       -153.19999999999999     
   347.15516168771757        1.0823986170927442       -150.19999999999999     
   347.04182763767557        1.0084379040933660       -150.19999999999999     
   347.86832359837075       0.39099581192544391       -156.19999999999999     
   348.72267623315702      -0.88516819602554486       -159.30000000000001     
   350.35752966320007       8.44939719148217333E-002  -159.30000000000001     
   349.06462964550894       0.53277829860918624       -162.30000000000001     
   350.36450757820910       5.17683230926720001E-002  -159.30000000000001     
