18	9	26.88	-20	19	28.2	165.3
18	14	13.55	-17	55	37.5	156.2
18	20	25.51	-16	11	35.5	150.2
18	25	42.48	-13	10	20.2	141.3
18	26	1.48	-11	35	16.4	135.4
18	44	21.91	-04	17	39.1	112.8
18	51	2.32	-00	41	26.1	102
18	53	42.38	0	41	47.7	96.8
19	5	18	5	51	47.1	82
19	5	24.02	6	1	25.6	82
19	27	32.3	17	43	27.1	54.3
19	38	31.56	20	25	18.8	48.9
19	46	20.18	24	35	23.2	40.8
19	49	16.54	26	51	16.9	37.9
9	58	2.85	-57	57	48.9	-21.8
10	3	40.96	-57	26	39.8	-21.8
13	11	14.61	-62	45	4.3	-50.6
13	11	54.31	-62	47	10.3	-50.6
13	12	26.56	-62	32	57.1	-50.6
13	32	31.15	-63	5	21.1	-54.3
13	32	31.1	-62	45	13.6	-54.3
13	32	35.49	-62	45	31.3	-54.3
13	40	2.44	-61	43	36.1	-58.1
14	2	36.38	-61	5	46.6	-62.1
14	4	58.84	-61	19	17.7	-64.2
14	19	34.89	-60	51	51.4	-66.2
14	42	1.58	-60	30	20.1	-72.8
14	45	8.54	-59	49	29.2	-75.0
14	49	10.27	-59	24	56.8	-75.0
14	59	30.09	-59	6	41.7	-77.3
14	59	34.53	-59	1	26	-77.3
15	0	34.94	-58	58	10.2	-77.3
15	3	13.84	-59	4	30	-79.6
15	2	57.4	-58	35	57.8	-79.6
15	5	25.36	-57	30	56.1	-82.0
15	9	55.84	-58	25	5.1	-82.0
15	16	5.9	-58	11	43.8	-84.4
15	18	38.13	-56	37	32.5	-86.8
15	32	53.13	-55	56	14.2	-91.8
15	47	49.8	-54	58	34.3	-96.8
15	44	59.44	-54	2	13.9	-96.8
15	53	0.76	-54	34	53	-99.4
15	54	36.88	-54	8	49.9	-102.0
15	53	29.47	-53	48	18	-99.4
15	54	6.23	-53	11	40.2	-102.0
15	59	43.08	-53	46	17	-104.7
15	59	38.44	-53	45	18.3	-104.7
16	0	55.89	-52	36	26.2	-104.7
16	7	38.06	-52	31	3.7	-107.4
16	10	19	-52	6	38.5	-110.1
16	9	52.77	-51	54	52.2	-107.4
16	12	3.04	-52	1	55.5	-110.1
16	9	24.55	-51	33	6.8	-110.1
16	6	24.16	-50	43	27.4	-110.1
16	12	50.25	-51	43	29.9	-110.1
16	12	9.09	-51	25	52.6	-112.8
16	16	40.77	-51	17	6.3	-112.8
16	15	45.86	-50	56	2.3	-112.8
16	17	2.47	-50	47	0.9	-112.8
16	19	36.57	-51	3	12.2	-115.5
16	20	11.18	-50	53	17.5	-112.8
16	15	13.43	-49	48	56.8	-115.5
16	20	33.81	-50	40	48.3	-115.5
16	15	18.64	-49	48	55	-115.5
16	21	0.64	-50	35	12.1	-115.5
16	21	32.95	-50	26	58.2	-115.5
16	21	31.63	-50	25	8	-115.5
16	22	10.87	-50	6	17.2	-115.5
16	28	57.91	-49	36	28.4	-121.1
16	30	43.46	-48	29	39.1	-123.9
16	34	21.79	-48	5	2.7	-123.9
16	34	25.1	-47	57	33.1	-126.8
16	34	40.15	-47	36	0.3	-126.8
16	35	32.83	-47	31	9.8	-123.9
16	34	5.25	-47	16	30.7	-126.8
16	36	43.41	-47	31	28.5	-123.9
16	38	52.22	-47	7	16.3	-126.8
16	38	30.79	-47	0	46.4	-126.8
16	37	52.29	-46	54	33.1	-126.8
16	41	8.3	-47	6	50.7	-129.6
16	40	7.96	-46	25	4	-129.6
16	40	49.44	-46	25	50.5	-129.6
16	40	50.32	-46	23	22.9	-129.6
16	41	16.65	-45	48	52.9	-129.6
16	40	15.62	-45	39	6.4	-129.6
16	43	16.03	-46	5	42	-132.5
16	42	59.81	-45	49	37.9	-132.5
16	45	59.04	-45	38	42.7	-135.4
16	49	30.14	-45	17	48.4	-135.4
16	48	5.25	-45	5	9.6	-135.4
16	48	54.11	-45	10	14.1	-135.4
16	52	33.57	-43	23	42.3	-141.3
16	59	20.9	-42	32	38.4	-147.2
17	4	13.32	-42	19	57.3	-147.2
17	2	2.04	-41	47	48.1	-147.2
17	2	9.65	-41	46	46.2	-147.2
17	4	28.17	-40	46	22.4	-150.2
17	6	8.34	-40	57	43.2	-153.2
17	6	19.34	-40	57	52.9	-150.2
17	6	16.48	-40	49	46.9	-150.2
17	11	21.91	-39	7	27.1	-156.2
17	19	15.28	-39	4	31	-159.3
17	19	58.55	-38	58	14.5	-159.3
17	14	22.03	-38	10	31	-162.3
17	20	7.82	-38	57	27.7	-159.3

