# R(kpc)   V_C(100km/sec)      +delta R         -delta R         + delta V_C         -delta V_C
  8.  2.  8.  8.  2.  2.
  13.15  2.  12.93  13.39  1.94  2.06
  0.094  2.01765  0.094  0.094  1.99265  2.04265
  0.122  2.18694  0.122  0.122  2.14694  2.22694
  0.141  2.32647  0.141  0.141  2.29647  2.35647
  0.226  2.45435  0.226  0.226  2.42435  2.48435
  0.245  2.54888  0.245  0.245  2.52888  2.56888
  0.264  2.56341  0.264  0.264  2.53841  2.58841
  0.311  2.48224  0.311  0.311  2.45224  2.51224
  0.376  2.50059  0.376  0.376  2.47059  2.53059
  0.414  2.51565  0.414  0.414  2.49065  2.54065
  0.471  2.50824  0.471  0.471  2.48324  2.53324
  0.518  2.48006  0.518  0.518  2.44006  2.52006
  0.546  2.43635  0.546  0.546  2.41635  2.45635
  0.565  2.39588  0.565  0.565  2.37588  2.41588
  0.659  2.29353  0.659  0.659  2.27353  2.31353
  0.696  2.29259  0.696  0.696  2.25259  2.33259
  0.894  2.22465  0.894  0.894  2.19465  2.25465
  0.941  2.20647  0.941  0.941  2.16647  2.24647
  0.988  2.17029  0.988  0.988  2.13029  2.21029
  1.035  2.15412  1.035  1.035  2.13412  2.17412
  1.064  2.12641  1.064  1.064  2.10641  2.14641
  1.082  2.15294  1.082  1.082  2.12294  2.18294
  1.129  2.16776  1.129  1.129  2.13776  2.19776
  1.176  2.17559  1.176  1.176  2.13559  2.21559
  1.205  2.16288  1.205  1.205  2.13288  2.19288
  1.224  2.12441  1.224  1.224  2.10441  2.14441
  1.318  1.97706  1.318  1.318  1.94706  2.00706
  1.327  2.14282  1.327  1.327  2.11282  2.17282
  1.365  2.08588  1.365  1.365  2.06588  2.10588
  1.459  1.97553  1.459  1.459  1.88553  2.06553
  1.506  2.07835  1.506  1.506  2.05335  2.10335
  1.525  2.09188  1.525  1.525  2.06188  2.12188
  1.553  2.05318  1.553  1.553  2.02318  2.08318
  1.6  2.018  1.6  1.6  1.988  2.048
  1.619  1.95153  1.619  1.619  1.92153  1.98153
  1.647  1.98082  1.647  1.647  1.91082  2.05082
  1.694  2.00365  1.694  1.694  1.97365  2.03365
  1.807  2.01982  1.807  1.807  1.98982  2.04982
  1.901  2.00247  1.901  1.901  1.97247  2.03247
  2.005  1.99488  2.005  2.005  1.96488  2.02488
  2.071  1.95324  2.071  2.071  1.93324  1.97324
  2.221  1.93447  2.221  2.221  1.90447  1.96447
  2.259  1.90353  2.259  2.259  1.88353  1.92353
  2.306  1.89435  2.306  2.306  1.86435  1.92435
  2.4  1.893  2.4  2.4  1.863  1.923
  1.845  2.01388  1.845  1.845  1.94388  2.08388
  1.939  1.98153  1.939  1.939  1.96653  1.99653
  2.071  1.91324  2.071  2.071  1.89824  1.92824
  2.353  1.88118  2.353  2.353  1.85118  1.91118
  2.428  1.93929  2.428  2.428  1.90929  1.96929
  2.447  1.90082  2.447  2.447  1.88582  1.91582
  2.494  1.89265  2.494  2.494  1.87265  1.91265
  2.541  1.90647  2.541  2.541  1.88647  1.92647
  2.588  1.87529  2.588  2.588  1.86029  1.89029
  2.635  1.89512  2.635  2.635  1.88012  1.91012
  2.682  1.89794  2.682  2.682  1.88294  1.91294
  2.729  1.88876  2.729  2.729  1.87376  1.90376
  2.776  1.88959  2.776  2.776  1.87459  1.90459
  2.824  1.92241  2.824  2.824  1.90241  1.94241
  2.871  1.89824  2.871  2.871  1.87824  1.91824
  2.918  1.92406  2.918  2.918  1.90906  1.93906
  2.936  1.93559  2.936  2.936  1.92059  1.95059
  2.974  1.85865  2.974  2.974  1.84365  1.87365
  3.031  1.90424  3.031  3.031  1.88924  1.91924
  3.059  1.93353  3.059  3.059  1.91853  1.94853
  3.106  1.91435  3.106  3.106  1.89935  1.92935
  3.162  1.91094  3.162  3.162  1.89594  1.92594
  3.2  1.877  3.2  3.2  1.862  1.892
  3.219  1.91453  3.219  3.219  1.89953  1.92953
  3.247  1.96682  3.247  3.247  1.95182  1.98182
  3.304  2.01441  3.304  3.304  1.99941  2.02941
  3.332  1.97071  3.332  3.332  1.95571  1.98571
  3.369  1.93776  3.369  3.369  1.92276  1.95276
  3.407  1.95482  3.407  3.407  1.93982  1.96982
  3.445  1.97688  3.445  3.445  1.96188  1.99188
  3.482  1.97694  3.482  3.482  1.95694  1.99694
  3.529  1.99176  3.529  3.529  1.97176  2.01176
  3.576  1.97059  3.576  3.576  1.95059  1.99059
  3.614  1.96465  3.614  3.614  1.94965  1.97965
  3.671  1.95724  3.671  3.671  1.93724  1.97724
  3.689  1.98276  3.689  3.689  1.96776  1.99776
  3.746  1.97635  3.746  3.746  1.96135  1.99135
  3.784  2.01041  3.784  3.784  1.99541  2.02541
  3.821  2.01947  3.821  3.821  2.00447  2.03447
  3.859  2.02853  3.859  3.859  2.01353  2.04353
  3.896  1.98259  3.896  3.896  1.96759  1.99759
  3.953  2.01318  3.953  3.953  1.99818  2.02818
  3.972  2.07571  3.972  3.972  2.06071  2.09071
  4.009  2.10576  4.009  4.009  2.09076  2.12076
  4.047  2.12282  4.047  4.047  2.10782  2.13782
  4.094  2.12565  4.094  4.094  2.11065  2.14065
  4.141  2.14147  4.141  4.141  2.12647  2.15647
  4.188  2.14929  4.188  4.188  2.13429  2.16429
  4.235  2.13212  4.235  4.235  2.11712  2.14712
  4.264  2.06841  4.264  4.264  2.05641  2.08041
  4.311  2.07024  4.311  4.311  2.05524  2.08524
  4.348  2.08629  4.348  4.348  2.07129  2.10129
  4.386  2.08035  4.386  4.386  2.06035  2.10035
  4.424  2.19141  4.424  4.424  2.17641  2.20641
  4.452  2.15371  4.452  4.452  2.11871  2.18871
  4.48  2.213  4.48  4.48  2.183  2.243
  4.518  2.12706  4.518  4.518  2.11206  2.14206
  4.565  2.01588  4.565  4.565  2.00088  2.03088
  4.612  2.00071  4.612  4.612  1.98071  2.02071
  4.659  2.02353  4.659  4.659  2.00353  2.04353
  4.706  1.99235  4.706  4.706  1.97735  2.00735
  4.753  1.99118  4.753  4.753  1.97618  2.00618
  4.8  2.082  4.8  4.8  2.067  2.097
  4.838  2.06906  4.838  4.838  2.05406  2.08406
  4.875  2.07312  4.875  4.875  2.05812  2.08812
  4.894  2.13165  4.894  4.894  2.11665  2.14665
  4.932  2.10171  4.932  4.932  2.08171  2.12171
  4.96  2.122  4.96  4.96  2.107  2.137
  4.988  2.12529  4.988  4.988  2.11029  2.14029
  5.035  2.11412  5.035  5.035  2.09912  2.12912
  5.082  2.13494  5.082  5.082  2.11994  2.14994
  5.129  2.11776  5.129  5.129  2.09776  2.13776
  5.176  2.12859  5.176  5.176  2.11359  2.14359
  5.214  2.07165  5.214  5.214  2.05665  2.08665
  5.271  2.11124  5.271  5.271  2.09624  2.12624
  5.299  2.09153  5.299  5.299  2.07653  2.10653
  5.336  2.09459  5.336  5.336  2.07959  2.10959
  5.365  2.07588  5.365  5.365  2.05588  2.09588
  5.412  2.07471  5.412  5.412  2.05971  2.08971
  5.459  2.03353  5.459  5.459  2.01853  2.04853
  5.506  2.05535  5.506  5.506  2.04035  2.07035
  5.534  2.06465  5.534  5.534  2.04965  2.07965
  5.572  2.11071  5.572  5.572  2.09571  2.12571
  5.609  2.09976  5.609  5.609  2.08476  2.11476
  5.666  2.12035  5.666  5.666  2.10035  2.14035
  5.694  2.09765  5.694  5.694  2.08265  2.11265
  5.741  2.09947  5.741  5.741  2.08447  2.11447
  5.788  2.09029  5.788  5.788  2.07529  2.10529
  5.854  2.09565  5.854  5.854  2.08065  2.11065
  5.911  2.04824  5.911  5.911  2.01824  2.07824
  5.929  2.08376  5.929  5.929  2.06876  2.09876
  5.976  2.10059  5.976  5.976  2.08559  2.11559
  6.024  2.14141  6.024  6.024  2.12641  2.15641
  6.052  2.20471  6.052  6.052  2.18971  2.21971
  6.108  2.22729  6.108  6.108  2.21229  2.24229
  6.146  2.03635  6.146  6.146  2.02135  2.05135
  6.193  2.04818  6.193  6.193  2.03318  2.06318
  6.212  2.18671  6.212  6.212  2.17171  2.20171
  6.259  2.18853  6.259  6.259  2.17353  2.20353
  6.306  2.20735  6.306  6.306  2.19235  2.22235
  6.344  2.24041  6.344  6.344  2.22541  2.25541
  6.362  2.24694  6.362  6.362  2.23194  2.26194
  6.4  2.277  6.4  6.4  2.242  2.312
  6.447  2.20882  6.447  6.447  2.19382  2.22382
  6.494  2.04965  6.494  6.494  2.02965  2.06965
  6.541  2.07647  6.541  6.541  2.06147  2.09147
  6.588  2.07829  6.588  6.588  1.92829  2.22829
  6.635  2.09412  6.635  6.635  2.07412  2.11412
  6.682  2.08994  6.682  6.682  2.06994  2.10994
  6.729  2.08176  6.729  6.729  2.06176  2.10176
  6.758  2.10106  6.758  6.758  2.08606  2.11606
  6.776  2.08659  6.776  6.776  2.07159  2.10159
  6.814  2.14965  6.814  6.814  2.12965  2.16965
  6.852  2.02071  6.852  6.852  2.00571  2.03571
  6.889  2.05776  6.889  6.889  2.04276  2.07276
  6.918  2.05406  6.918  6.918  2.03906  2.06906
  6.965  2.10088  6.965  6.965  2.08588  2.11588
  7.012  2.01671  7.012  7.012  2.00171  2.03171
  7.059  2.10953  7.059  7.059  2.09453  2.12453
  7.106  2.07435  7.106  7.106  2.05435  2.09435
  7.153  2.08818  7.153  7.153  2.06818  2.10818
  7.2  2.06  7.2  7.2  2.04  2.08
  7.219  2.07553  7.219  7.219  2.06353  2.08753
  7.266  2.02635  7.266  7.266  2.01035  2.04235
  7.322  2.05994  7.322  7.322  2.04494  2.07494
  7.341  2.01847  7.341  7.341  2.00347  2.03347
  7.36  2.006  7.36  7.36  1.991  2.021
  7.435  2.05412  7.435  7.435  2.01412  2.09412
  7.473  2.05318  7.473  7.473  2.03818  2.06818
  7.511  2.09224  7.511  7.511  2.06224  2.12224
  7.558  2.04906  7.558  7.558  2.03706  2.06106
  7.567  2.05282  7.567  7.567  2.04082  2.06482
  7.624  2.00241  7.624  7.624  1.98941  2.01541
  7.671  2.00424  7.671  7.671  1.98924  2.01924
  7.718  2.02706  7.718  7.718  2.01206  2.04206
  7.755  1.99812  7.755  7.755  1.98512  2.01112
  7.774  1.99565  7.774  7.774  1.98065  2.01065
  7.812  2.02471  7.812  7.812  2.00971  2.03971
  7.859  2.11553  7.859  7.859  2.10053  2.13053
  7.906  2.09835  7.906  7.906  2.08335  2.11335
  7.953  2.11118  7.953  7.953  2.09618  2.12618
  8.  2.075  8.  8.  2.06  2.09
  2.071  2.01064  2.071  2.071  2.01064  2.01064
  2.205  1.95427  2.205  2.205  1.95427  1.95427
  2.339  1.90574  2.339  2.339  1.90574  1.90574
  2.472  1.91103  2.472  2.472  1.91103  1.91103
  2.605  1.89914  2.605  2.605  1.89914  1.89914
  2.736  1.91704  2.736  2.736  1.91704  1.91704
  2.867  1.92674  2.867  2.867  1.92674  1.92674
  2.997  1.90221  2.997  2.997  1.90221  1.90221
  3.126  1.93146  3.126  3.126  1.93146  1.93146
  3.254  2.17847  3.254  3.254  2.17847  2.17847
  3.381  2.16824  3.381  3.381  2.16824  2.16824
  3.507  2.00174  3.507  3.507  2.00174  2.00174
  3.632  1.97198  3.632  3.632  1.97198  1.97198
  3.756  1.99594  3.756  3.756  1.99594  1.99594
  3.878  2.02862  3.878  3.878  2.02862  2.02862
  4.  2.087  4.  4.  2.087  2.087
  4.12  2.35308  4.12  4.12  2.35308  2.35308
  4.239  2.12984  4.239  4.239  2.12984  2.12984
  4.357  2.12728  4.357  4.357  2.12728  2.12728
  4.474  2.14239  4.474  4.474  2.14239  2.14239
  4.589  2.11315  4.589  4.589  2.11315  2.11315
  4.702  2.06557  4.702  4.702  2.06557  2.06557
  4.815  2.09363  4.815  4.815  2.09363  2.09363
  4.925  2.11132  4.925  4.925  2.11132  2.11132
  5.035  2.12264  5.035  5.035  2.12264  2.12264
  5.142  2.05858  5.142  5.142  2.05858  2.05858
  5.248  2.07412  5.248  5.248  2.07412  2.07412
  5.353  2.05926  5.353  5.353  2.05926  2.05926
  5.456  2.106  5.456  5.456  2.106  2.106
  5.557  2.08432  5.557  5.557  2.08432  2.08432
  5.657  2.08821  5.657  5.657  2.08821  2.08821
  5.755  2.10068  5.755  5.755  2.10068  2.10068
  5.851  2.13871  5.851  5.851  2.13871  2.13871
  6.038  2.17642  6.038  6.038  2.17642  2.17642
  6.128  2.18609  6.128  6.128  2.18609  2.18609
  6.217  2.19129  6.217  6.217  2.19129  2.19129
  6.304  2.20702  6.304  6.304  2.20702  2.20702
  6.389  2.22527  6.389  6.389  2.22527  2.22527
  6.472  2.16103  6.472  6.472  2.16103  2.16103
  6.553  2.0943  6.553  6.553  2.0943  2.0943
  6.632  2.11207  6.632  6.632  2.11207  2.11207
  6.709  2.07734  6.709  6.709  2.07734  2.07734
  6.784  2.0951  6.784  6.784  2.0951  2.0951
  6.857  2.10233  6.857  6.857  2.10233  2.10233
  6.928  2.09405  6.928  6.928  2.09405  2.09405
  6.997  2.08424  6.997  6.997  2.08424  2.08424
  7.064  2.07289  7.064  7.064  2.07289  2.07289
  7.128  2.19101  7.128  7.128  2.19101  2.19101
  7.19  2.05359  7.19  7.19  2.05359  2.05359
  7.25  2.06162  7.25  7.25  2.06162  2.06162
  7.308  2.03009  7.308  7.308  2.03009  2.03009
  7.364  2.08201  7.364  7.364  2.08201  2.08201
  7.417  2.00637  7.417  7.417  2.00637  2.00637
  7.469  2.03116  7.469  7.469  2.03116  2.03116
  7.518  2.02039  7.518  7.518  2.02039  2.02039
  7.564  2.00904  7.564  7.564  2.00904  2.00904
  7.608  2.01711  7.608  7.608  2.01711  2.01711
  7.65  2.02561  7.65  7.65  2.02561  2.02561
  7.69  2.02052  7.69  7.69  2.02052  2.02052
  7.727  2.01285  7.727  7.727  2.01285  2.01285
  7.762  2.03659  7.762  7.762  2.03659  2.03659
  7.795  2.04074  7.795  7.795  2.04074  2.04074
  7.825  2.08829  7.825  7.825  2.08829  2.08829
  7.853  2.11725  7.853  7.853  2.11725  2.11725
  7.878  2.09162  7.878  7.878  2.09162  2.09162
  7.902  2.10638  7.902  7.902  2.10638  2.10638
  7.922  2.13154  7.922  7.922  2.13154  2.13154
  7.94  2.25509  7.94  7.94  2.25509  2.25509
  7.956  2.35504  7.956  7.956  2.35504  2.35504
  7.97  2.09039  7.97  7.97  2.09039  2.09039
  7.981  2.10413  7.981  7.981  2.10413  2.10413
  7.989  2.08726  7.989  7.989  2.08726  2.08726
  7.995  2.11778  7.995  7.995  2.11778  2.11778
  7.999  2.0967  7.999  7.999  2.0967  2.0967
  7.999  2.0007  7.999  7.999  2.0007  2.0007
  7.995  2.00078  7.995  7.995  2.00078  2.00078
  7.989  2.00526  7.989  7.989  2.00526  2.00526
  7.981  2.00013  7.981  7.981  2.00013  2.00013
  7.97  2.03039  7.97  7.97  2.03039  2.03039
  7.956  2.02104  7.956  7.956  2.02104  2.02104
  7.94  2.02109  7.94  7.94  2.02109  2.02109
  7.922  2.03954  7.922  7.922  2.03954  2.03954
  7.902  2.02138  7.902  7.902  2.02138  2.02138
  7.878  2.02562  7.878  7.878  2.02562  2.02562
  7.853  2.02625  7.853  7.853  2.02625  2.02625
  7.825  2.0443  7.825  7.825  2.0443  2.0443
  7.795  2.05574  7.795  7.795  2.05574  2.05574
  7.762  2.06659  7.762  7.762  2.06659  2.06659
  7.727  2.07985  7.727  7.727  2.07985  2.07985
  7.69  2.09752  7.69  7.69  2.09752  2.09752
  7.65  2.07161  7.65  7.65  2.07161  2.07161
  7.608  2.06111  7.608  7.608  2.06111  2.06111
  7.564  2.05904  7.564  7.564  2.05904  2.05904
  7.518  1.97939  7.518  7.518  1.97939  1.97939
  7.469  2.05016  7.469  7.469  2.05016  2.05016
  7.417  2.06637  7.417  7.417  2.06637  2.06637
  7.364  2.06801  7.364  7.364  2.06801  2.06801
  7.308  2.07009  7.308  7.308  2.07009  2.07009
  7.25  2.06462  7.25  7.25  2.06462  2.06462
  7.19  2.08559  7.19  7.19  2.08559  2.08559
  7.128  2.11401  7.128  7.128  2.11401  2.11401
  7.064  2.1029  7.064  7.064  2.1029  2.1029
  6.997  2.05624  6.997  6.997  2.05624  2.05624
  6.928  2.08605  6.928  6.928  2.08605  2.08605
  6.857  2.10834  6.857  6.857  2.10834  2.10834
  6.784  2.1121  6.784  6.784  2.1121  2.1121
  6.709  2.13234  6.709  6.709  2.13234  2.13234
  6.632  2.11308  6.632  6.632  2.11308  2.11308
  6.553  2.08731  6.553  6.553  2.08731  2.08731
  6.472  2.02804  6.472  6.472  2.02804  2.02804
  6.389  2.08327  6.389  6.389  2.08327  2.08327
  6.304  2.13602  6.304  6.304  2.13602  2.13602
  6.217  2.13429  6.217  6.217  2.13429  2.13429
  6.128  2.13209  6.128  6.128  2.13209  2.13209
  6.038  2.13242  6.038  6.038  2.13242  2.13242
  5.945  2.09329  5.945  5.945  2.09329  2.09329
  5.851  2.06271  5.851  5.851  2.06271  2.06271
  5.755  2.05068  5.755  5.755  2.05068  2.05068
  5.657  2.03922  5.657  5.657  2.03922  2.03922
  5.557  1.99632  5.557  5.557  1.99632  1.99632
  5.456  1.976  5.456  5.456  1.976  1.976
  5.353  1.95826  5.353  5.353  1.95826  1.95826
  5.248  2.00912  5.248  5.248  2.00912  2.00912
  5.142  2.01058  5.142  5.142  2.01058  2.01058
  5.035  2.02864  5.035  5.035  2.02864  2.02864
  4.925  2.02632  4.925  4.925  2.02632  2.02632
  4.815  2.04063  4.815  4.815  2.04063  2.04063
  4.702  2.00557  4.702  4.702  2.00557  2.00557
  4.589  2.04415  4.589  4.589  2.04415  2.04415
  4.474  2.03739  4.474  4.474  2.03739  2.03739
  4.357  2.05328  4.357  4.357  2.05328  2.05328
  4.239  2.09084  4.239  4.239  2.09084  2.09084
  4.12  2.30108  4.12  4.12  2.30108  2.30108
  4.  2.245  4.  4.  2.245  2.245
  3.878  2.24462  3.878  3.878  2.24462  2.24462
  3.756  2.19795  3.756  3.756  2.19795  2.19795
  3.632  2.01198  3.632  3.632  2.01198  2.01198
  3.507  2.00074  3.507  3.507  2.00074  2.00074
  3.381  2.02324  3.381  3.381  2.02324  2.02324
  3.254  2.06147  3.254  3.254  2.06147  2.06147
  3.126  2.03246  3.126  3.126  2.03246  2.03246
  2.997  1.97922  2.997  2.997  1.97922  1.97922
  2.867  1.99174  2.867  2.867  1.99174  1.99174
  2.736  1.96804  2.736  2.736  1.96804  1.96804
  2.605  1.98914  2.605  2.605  1.98914  1.98914
  2.472  1.99804  2.472  2.472  1.99804  1.99804
  2.339  2.08375  2.339  2.339  2.08375  2.08375
  2.205  2.04628  2.205  2.205  2.04628  2.04628
  2.071  2.12064  2.071  2.071  2.12064  2.12064
  6.324  1.80741  6.619  6.03  1.68334  1.93148
  6.278  1.81356  6.574  5.981  1.70471  1.92241
  6.212  2.45232  6.411  6.014  2.29934  2.60531
  7.83  2.38754  7.88  7.781  2.16757  2.60751
  5.902  2.0458  6.09  5.715  1.95544  2.13616
  6.095  2.04045  6.751  5.439  1.87219  2.20872
  5.286  2.35414  6.097  4.474  2.14616  2.56213
  6.142  2.19014  6.323  5.961  2.14225  2.23804
  5.224  2.01092  6.027  4.422  1.80925  2.21258
  5.294  2.01869  6.018  4.569  1.83653  2.20086
  6.347  2.18229  6.818  5.875  2.06111  2.30347
  7.4  2.12588  7.597  7.202  2.07498  2.17677
  7.229  2.08777  7.288  7.169  2.0658  2.10973
  7.146  2.0088  7.076  7.216  1.98809  2.02952
  7.205  2.01436  7.249  7.161  1.99617  2.03254
  7.393  2.0594  7.251  7.536  2.02216  2.09664
  9.194  2.01865  7.758  10.631  1.65887  2.37844
  7.591  2.03481  7.593  7.588  2.03054  2.03909
  8.055  2.01386  7.656  8.455  1.91175  2.11597
  8.048  1.97144  7.941  8.155  1.9379  2.00499
  7.965  1.9913  7.963  7.967  1.96116  2.02143
  7.995  2.0338  7.986  8.004  2.01857  2.04903
  9.346  1.62471  8.622  10.07  1.44369  1.80574
  8.607  1.68311  8.381  8.832  1.62562  1.74061
  8.138  2.11652  8.106  8.17  2.10369  2.12934
  8.092  2.02093  8.054  8.13  2.01057  2.0313
  11.404  1.49153  9.755  13.052  1.07938  1.90368
  10.747  1.70272  9.195  12.299  1.31465  2.09078
  8.073  1.87494  8.046  8.099  1.86515  1.88472
  9.834  1.8467  8.92  10.748  1.61761  2.07579
  8.26  1.89373  8.158  8.361  1.86781  1.91965
  8.462  1.88915  8.3  8.623  1.84846  1.92984
  8.177  1.93441  8.112  8.243  1.91241  1.95642
  9.447  1.7911  8.809  10.084  1.63166  1.95055
  8.305  1.98369  8.266  8.344  1.96942  1.99796
  9.577  1.88017  9.396  9.758  1.83463  1.9257
  10.97  3.50982  9.743  12.197  3.20279  3.81685
  8.562  2.01026  8.374  8.751  1.96227  2.05824
  11.839  2.15606  10.293  13.385  1.76902  2.54309
  11.839  2.15606  10.293  13.385  1.76902  2.54309
  9.207  1.77061  8.972  9.442  1.70812  1.8331
  9.396  1.6406  8.847  9.946  1.50271  1.77849
  9.585  1.6746  8.828  10.342  1.48506  1.86415
  9.41  1.69446  8.857  9.963  1.55599  1.83294
  9.869  1.87174  9.142  10.596  1.68994  2.05353
  9.164  1.73001  8.744  9.583  1.61723  1.84279
  8.785  1.79804  8.505  9.065  1.72718  1.8689
  10.242  1.98292  9.389  11.095  1.76909  2.19675
  9.291  1.74977  8.839  9.743  1.63614  1.86339
  9.618  1.92827  8.997  10.238  1.76993  2.08661
  8.98  1.59935  8.66  9.3  1.51919  1.67951
  9.52  1.90702  8.967  10.073  1.76879  2.04525
  9.383  1.91772  8.893  9.872  1.79462  2.04082
  9.572  1.63145  9.413  9.732  1.54799  1.71491
  9.669  2.20832  9.419  9.92  2.13886  2.27779
  8.628  1.96398  8.387  8.869  1.89619  2.03177
  10.997  2.11471  11.744  10.249  1.92755  2.30187
  15.113  2.59059  14.339  15.886  2.397  2.78419
  15.705  1.77105  13.377  18.034  1.18673  2.35537
  13.569  1.90135  11.827  15.311  1.46541  2.33728
  13.685  1.96967  13.103  14.267  1.824  2.11534
  12.992  2.3111  12.211  13.773  2.11352  2.50868
  12.022  1.95996  11.439  12.605  1.81021  2.1097
  8.378  2.31714  8.34  8.416  2.2255  2.40877
  11.457  2.1998  10.366  12.547  1.89632  2.50328
  12.335  2.03363  11.939  12.732  1.9318  2.13547
  16.197  1.98296  13.613  18.781  1.33654  2.62938
  8.436  2.09601  8.3  8.572  2.04257  2.14946
  8.383  1.65661  8.259  8.508  1.62084  1.69239
  11.694  2.01978  10.713  12.675  1.77328  2.26629
  12.656  2.10216  12.165  13.146  1.97842  2.22589
  8.741  1.99124  8.601  8.881  1.94804  2.03444
  9.453  1.9912  9.269  9.638  1.94499  2.03741
  8.441  1.92557  8.396  8.485  1.89094  1.96021
  16.488  2.13225  13.679  19.297  1.42786  2.83663
  12.716  1.82367  11.962  13.471  1.63456  2.01279
  14.26  2.11374  13.595  14.925  1.94631  2.28116
  10.701  2.08617  9.991  11.41  1.90831  2.26404
  10.508  1.43702  9.453  11.563  1.17299  1.70104
  8.862  1.92245  8.753  8.971  1.89166  1.95324
  11.745  2.24305  10.424  13.065  1.91264  2.57346
  11.3  1.95921  10.799  11.801  1.83382  2.08459
  12.465  2.05838  11.687  13.243  1.86377  2.25299
  9.498  2.12639  8.978  10.018  1.99633  2.25645
  11.841  2.15109  10.667  13.015  1.85754  2.44464
  9.447  1.69068  9.085  9.809  1.5998  1.78156
  12.049  2.19964  11.376  12.722  2.03021  2.36907
  8.853  1.92623  8.54  9.166  1.84712  2.00534
  10.507  1.87622  10.066  10.947  1.76474  1.9877
  16.083  3.19194  13.378  18.788  2.51561  3.86828
  6.324  1.80741  6.619  6.03  1.68334  1.93148
  6.278  1.81356  6.574  5.981  1.70471  1.92241
  6.212  2.45232  6.411  6.014  2.29934  2.60531
  7.83  2.38754  7.88  7.781  2.16757  2.60751
  5.902  2.0458  6.09  5.715  1.95544  2.13616
  6.095  2.04045  6.751  5.439  1.87219  2.20872
  5.286  2.35414  6.097  4.474  2.14616  2.56213
  6.142  2.19014  6.323  5.961  2.14225  2.23804
  5.224  2.01092  6.027  4.422  1.80925  2.21258
  5.294  2.01869  6.018  4.569  1.83653  2.20086
  6.347  2.18229  6.818  5.875  2.06111  2.30347
  7.4  2.12588  7.597  7.202  2.07498  2.17677
  7.229  2.08777  7.288  7.169  2.0658  2.10973
  7.146  2.0088  7.076  7.216  1.98809  2.02952
  7.205  2.01436  7.249  7.161  1.99617  2.03254
  7.393  2.0594  7.251  7.536  2.02216  2.09664
  9.194  2.01865  7.758  10.631  1.65887  2.37844
  7.591  2.03481  7.593  7.588  2.03054  2.03909
  8.055  2.01386  7.656  8.455  1.91175  2.11597
  8.048  1.97144  7.941  8.155  1.9379  2.00499
  7.965  1.9913  7.963  7.967  1.96116  2.02143
  7.995  2.0338  7.986  8.004  2.01857  2.04903
  9.346  1.62471  8.622  10.07  1.44369  1.80574
  8.607  1.68311  8.381  8.832  1.62562  1.74061
  8.138  2.11652  8.106  8.17  2.10369  2.12934
  8.092  2.02093  8.054  8.13  2.01057  2.0313
  11.404  1.49153  9.755  13.052  1.07938  1.90368
  10.747  1.70272  9.195  12.299  1.31465  2.09078
  8.073  1.87494  8.046  8.099  1.86515  1.88472
  9.834  1.8467  8.92  10.748  1.61761  2.07579
  8.26  1.89373  8.158  8.361  1.86781  1.91965
  8.462  1.88915  8.3  8.623  1.84846  1.92984
  8.177  1.93441  8.112  8.243  1.91241  1.95642
  9.447  1.7911  8.809  10.084  1.63166  1.95055
  8.305  1.98369  8.266  8.344  1.96942  1.99796
  9.577  1.88017  9.396  9.758  1.83463  1.9257
  10.97  3.50982  9.743  12.197  3.20279  3.81685
  8.562  2.01026  8.374  8.751  1.96227  2.05824
  11.839  2.15606  10.293  13.385  1.76902  2.54309
  11.839  2.15606  10.293  13.385  1.76902  2.54309
  9.207  1.77061  8.972  9.442  1.70812  1.8331
  9.396  1.6406  8.847  9.946  1.50271  1.77849
  9.585  1.6746  8.828  10.342  1.48506  1.86415
  9.41  1.69446  8.857  9.963  1.55599  1.83294
  9.869  1.87174  9.142  10.596  1.68994  2.05353
  9.164  1.73001  8.744  9.583  1.61723  1.84279
  8.785  1.79804  8.505  9.065  1.72718  1.8689
  10.242  1.98292  9.389  11.095  1.76909  2.19675
  9.291  1.74977  8.839  9.743  1.63614  1.86339
  9.618  1.92827  8.997  10.238  1.76993  2.08661
  8.98  1.59935  8.66  9.3  1.51919  1.67951
  9.52  1.90702  8.967  10.073  1.76879  2.04525
  9.383  1.91772  8.893  9.872  1.79462  2.04082
  9.572  1.63145  9.413  9.732  1.54799  1.71491
  9.669  2.20832  9.419  9.92  2.13886  2.27779
  8.628  1.96398  8.387  8.869  1.89619  2.03177
  10.997  2.11471  11.744  10.249  1.92755  2.30187
  15.113  2.59059  14.339  15.886  2.397  2.78419
  15.705  1.77105  13.377  18.034  1.18673  2.35537
  13.569  1.90135  11.827  15.311  1.46541  2.33728
  13.685  1.96967  13.103  14.267  1.824  2.11534
  12.992  2.3111  12.211  13.773  2.11352  2.50868
  12.022  1.95996  11.439  12.605  1.81021  2.1097
  8.378  2.31714  8.34  8.416  2.2255  2.40877
  11.457  2.1998  10.366  12.547  1.89632  2.50328
  12.335  2.03363  11.939  12.732  1.9318  2.13547
  16.197  1.98296  13.613  18.781  1.33654  2.62938
  8.436  2.09601  8.3  8.572  2.04257  2.14946
  8.383  1.65661  8.259  8.508  1.62084  1.69239
  11.694  2.01978  10.713  12.675  1.77328  2.26629
  12.656  2.10216  12.165  13.146  1.97842  2.22589
  8.741  1.99124  8.601  8.881  1.94804  2.03444
  9.453  1.9912  9.269  9.638  1.94499  2.03741
  8.441  1.92557  8.396  8.485  1.89094  1.96021
  16.488  2.13225  13.679  19.297  1.42786  2.83663
  12.716  1.82367  11.962  13.471  1.63456  2.01279
  14.26  2.11374  13.595  14.925  1.94631  2.28116
  10.701  2.08617  9.991  11.41  1.90831  2.26404
  10.508  1.43702  9.453  11.563  1.17299  1.70104
  8.862  1.92245  8.753  8.971  1.89166  1.95324
  11.745  2.24305  10.424  13.065  1.91264  2.57346
  11.3  1.95921  10.799  11.801  1.83382  2.08459
  12.465  2.05838  11.687  13.243  1.86377  2.25299
  9.498  2.12639  8.978  10.018  1.99633  2.25645
  11.841  2.15109  10.667  13.015  1.85754  2.44464
  9.447  1.69068  9.085  9.809  1.5998  1.78156
  12.049  2.19964  11.376  12.722  2.03021  2.36907
  8.853  1.92623  8.54  9.166  1.84712  2.00534
  10.507  1.87622  10.066  10.947  1.76474  1.9877
  16.083  3.19194  13.378  18.788  2.51561  3.86828
  2.8  1.96  2.8  2.8  1.8  2.12
  3.6  2.08  3.6  3.6  1.93  2.23
  4.4  2.15  4.4  4.4  1.95  2.35
  5.2  2.05  5.2  5.2  1.93  2.17
  6.  2.11  6.  6.  2.05  2.17
  6.8  2.08  6.8  6.8  2.  2.16
  7.6  2.03  7.6  7.6  1.95  2.11
  8.  2.  8.  8.  2.  2.
  9.12  1.93  8.8  9.44  1.865  1.995
  10.4  2.14  9.68  11.12  1.98  2.3
  11.2  2.25  10.4  12.  2.07  2.43
  11.92  2.23  10.96  12.88  2.02  2.44
  12.72  2.225  11.84  13.6  2.055  2.395
  13.44  2.18  12.64  14.24  2.04  2.32
  14.4  2.25  13.52  15.28  2.09  2.41
  15.6  2.35  14.32  16.88  2.1  2.6
  16.88  2.32  15.6  18.16  2.12  2.52
  17.76  2.22  15.6  19.92  1.89  2.55
  19.52  2.195  17.28  21.76  1.895  2.495
  20.24  2.025  17.44  23.04  1.685  2.365
