5.5138001231078935            263.0502084849109            0.3204989069373548            22.389853403657515
6.264782534640102            274.31860548186984            0.2515581623243103            4.309204032238946
7.570652069004753            246.39087032041678            0.2380228786159811            9.283292432822785
8.392567933956856            247.79418295076013            0.28458066548662886            12.13262158071925
9.462255014541212            240.1947323693851            0.2641474569061052            24.99657646113348
10.532319878283833            262.4319525492059            0.2867126690664255            29.712270663342032
11.500941270330472            255.97947140324632            0.36608800580204764            38.38605372346205
12.516677558411311            300.93673630493953            0.2594667550083845            48.084043744270765
13.4974577734648            240.37545427520396            0.37222157835710495            16.2410315792917
15.943324203769391            342.50915394710233            0.4945761368869655            74.42682527400575
