3.5985550022963158            143.25206932072763            0.339362629393958            93.44738327195407
4.575821798061891            226.23228031569977            0.3074235958083563            56.03200639954093
5.633803429179391            224.11611815059922            0.2816665434689254            77.13219116544984
6.5340752576642505            240.1834023447401            0.2925485074041748            80.26730640633505
7.502988211141382            223.70910146080897            0.28582993336528634            50.4983571004666
8.394827748255427            204.61028203275407            0.26650723817923666            36.10318830588056
9.254705312610328            228.74873125564724            0.23180279467897594            60.01597548135417
10.335846283600095            235.6465631598642            0.3220856010825902            154.68554713975433
11.193312843978024            244.4071607958988            0.16360461614498129            24.346567886954222
12.572925127971558            275.08409158179415            0.1198101143929892            28.965548708867782
