0.19247427397459127            232.75097662841688            0.03634525703538338            13.279318485986943
0.36724544146100097            268.45179326118836            0.08336729826423063            4.627949229660807
0.6540677426780077            249.60850387528532            0.06676387168302897            10.437101029047401
0.8805687560999963            233.08730749275793            0.07597771210496357            4.078619048334213
1.4825037416585904            228.8501866855542            0.31215612083075567            7.517792412517813
2.4869367763280565            217.48670283075865            0.27816097765126346            2.245500260774386
3.5238620615221357            226.99916054768977            0.3236982205979424            6.412076217492997
4.498833005895654            246.26267512590957            0.2841070852542443            2.7727061909476785
5.513037950052852            248.5731480150468            0.2885582543528926            3.7216591227630675
6.489139120004477            258.1532547188589            0.2883173358335318            3.981705588196938
7.573383250624843            251.90808642375174            0.28863783603491394            4.225641472333768
8.060508471466813            256.7150264340659            0.027405075758872712            1.6314579218360132
