5.5138001231078935            263.0502084849109            0.3204989069373548            22.389853403657515
6.2192744273382985            272.4400161733074            0.16989387116706167            6.21301971150357
7.410814220132829            252.82167200127307            0.16693538733467547            5.979478997018423
8.456521511266985            247.4226546407124            0.28246979333392236            19.071641342486604
9.549140737524507            230.7746602022298            0.22294908212282008            19.975173254125558
10.60980457422969            263.656341080768            0.1787286737082555            44.239638389352706
11.554225782835152            265.10125883141905            0.3369827242842398            41.24586827158437
12.455893486112098            296.5879293554977            0.29528132667628815            45.29822084645755
13.4974577734648            240.37545427520396            0.37222157835710495            16.2410315792917
16.001794329885605            342.08532139469173            0.5292601218797774            83.2036245918145
