3.6876027333872354            198.3815041261174            0.10485203893494749            30.774862455319962
4.799229974646696            252.05389289826482            0.28977002486122916            38.261764906815685
5.5035034526103335            232.12663294684347            0.3695943019859812            34.392781517812736
6.3877492049825495            256.3926805127716            0.21195789636356413            37.045758321095875
7.520656829439584            248.539236155727            0.244190675995119            8.342405504641524
8.494337998873796            248.15084548021517            0.26009602187981856            14.509510006319962
9.5182262688562            240.34694340027556            0.3064503676038276            28.050169920362986
10.502558551175525            256.11211984123526            0.27485710612270114            32.655892505400395
11.600286129294389            243.4027438921326            0.3203542811816963            55.290287943912475
12.267854071806747            229.20522598726632            0.20144278511525202            84.08104292858297
13.158408387816792            305.47395726313107            0.09366187954118087            52.04927492812783
14.59128600980261            263.2732650884539            0.10092977108761327            43.626338689914164
15.609363840420583            340.51361528780626            0.6460972378837919            35.55628853543197
