   15.        00
   16.        00  
   17.        00  
   18.        00  
   19.        00  
   20.        00  
   21.        00  
   22.        00  
   23.        00  
   24.        00  
   25.        00  
   26.        00  
   27.        00  
   28.        00  
   29.        00  
   30.        00  
   31.        00  
   32.        00  
   33.        00  
   34.        00  
   35.        00  
   36.        00  
   37.        00  
   38.        00  
   39.        00  
   40.        00  
   41.        00  
   42.        00  
   43.        00  
   44.        00  
   45.        00  
   46.        00  
   47.        00  
   48.        00  
   49.        00  
   50.        00  
   51.        00  
   52.        00  
   53.        00  
   54.        00  
   55.        00  
   56.        00  
   57.        00  
   58.        00  
   59.        00  
   60.        00  
   61.        00  
   62.        00  
   63.        00  
   64.        00  
   65.        00  
   66.        00  
   67.        00  
   68.        00  
   69.        00  
   70.        00  
   71.        00  
   72.        00  
   73.        00  
   74.        00  
   75.        00  
   76.        00  
   77.        00  
   78.        00  
   79.        00  
   80.        00  
   81.        00  
   82.        00  
   83.        00  
   84.        00  
   85.        00  
   86.        00  
   87.        00  
   88.        00  
   89.        00  
   271.       00  
   272.        00  
   273.        00  
   274.        00  
   275.        00  
   276.        00  
   277.        00  
   278.        00  
   279.        00  
   280.        00  
   281.        00  
   282.        00  
   283.        00  
   284.        00  
   285.        00  
   286.        00  
   287.        00  
   288.        00  
   289.        00  
   290.        00  
   291.        00  
   292.        00  
   293.        00  
   294.        00  
   295.        00  
   296.        00  
   297.        00  
   298.        00  
   299.        00  
   300.        00  
   301.        00  
   302.        00  
   303.        00  
   304.        00  
   305.        00  
   306.        00  
   307.        00  
   308.        00  
   309.        00  
   310.        00  
   311.        00  
   312.        00  
   313.        00  
   314.        00  
   315.        00  
   316.        00  
   317.        00  
   318.        00  
   319.        00  
   320.        00  
   321.        00  
   322.        00  
   323.        00  
   324.        00  
   325.        00  
   326.        00  
   327.        00  
   328.        00  
   329.        00  
   330.        00  
   331.        00  
   332.        00  
   333.        00  
   334.        00  
   335.        00  
   336.        00  
   337.        00  
   338.        00  
   339.        00  
   340.        00  
   341.        00  
   342.        00  
   343.        00  
   344.        00  
   345.        00  
