13.44	0
14.92	0
17.01	0
17.61	0
17.91	0
18.21	0
18.51	0
18.81	0
19.12	0
19.42	0
19.72	0
20.03	0
20.33	0
20.64	0
20.95	0
21.25	0
21.56	0
21.87	0
22.18	0
22.49	0
22.8	0
23.11	0
23.42	0
23.73	0
24.05	0
24.36	0
24.68	0
24.99	0
25.31	0
25.63	0
25.94	0
26.26	0
26.58	0
26.9	0
27.23	0
27.55	0
27.87	0
28.2	0
28.52	0
28.85	0
29.18	0
29.51	0
29.83	0
30.17	0
30.5	0
30.83	0
31.26	0
31.5	0
31.84	0
32.17	0
32.51	0
32.85	0
33.2	0
33.54	0
33.88	0
34.23	0
34.58	0
34.92	0
35.27	0
35.63	0
35.98	0
36.33	0
36.69	0
37.05	0
37.41	0
37.77	0
38.13	0
38.5	0
38.87	0
39.23	0
39.61	0
39.98	0
40.35	0
40.73	0
41.11	0
41.49	0
41.87	0
42.26	0
42.65	0
43.04	0
43.43	0
43.83	0
44.23	0
44.63	0
45.03	0
45.44	0
45.85	0
46.26	0
46.68	0
47.1	0
47.52	0
47.94	0
48.37	0
48.81	0
49.24	0
49.69	0
50.13	0
50.58	0
51.03	0
51.49	0
51.95	0
52.42	0
52.89	0
53.37	0
53.85	0
54.34	0
54.84	0
55.34	0
55.84	0
56.36	0
56.88	0
57.41	0
57.94	0
58.48	0
59.04	0
59.6	0
60.17	0
60.75	0
61.34	0
61.95	0
62.56	0
63.19	0
63.83	0
64.49	0
65.16	0
65.85	0
66.56	0
67.29	0
68.05	0
68.83	0
69.64	0
70.48	0
71.35	0
72.27	0
73.24	0
74.26	0
75.35	0
76.53	0
77.82	0
79.27	0
80.93	0
82.98	0
85.95	0
