Star No RA. ( J2000 ) DEC. l b dG( kpc) VH( km/s ) CGCS Association [ 8 ]
701 19h 25m 57.7s +25o 01' 36" 59o.0 +4o.1 13.8 -127 ±3
702 19 27 41.6 +24 46 59 50.0 +3.7 15.7 -108±1
703 19 31 18.9 +26 48 16 61.2 +3.9 12.7 -113±4
704 19 36 11.3 +27 15 47 62.1 +3.2 12.1 -115±5
705 19 38 39.4 +28 37 01 63.5 +3.4 17.1 -96±2
706 19 39 33.9 +15 50 23 52.5 -3.1 12.2 -5±3
707 19 40 07.8 +15 33 23 52.3 -3.4 15.5 -91±4
708 19 41 14.1 +30 26 14 65.4 +3.8 14.2 -108±5
709 19 41 45.8 +29 09 54 64.3 +3.0 13.0 -101±1
710 19 42 35.3 +29 53 19 65.1 +3.2 12.7 -92±8
712 19 44 45.5 +17 12 54 54.7 -3.3 17.7 -52±7
714 19 49 40.5 +34 21 57 69.7 +4.2 13.2 -125±6 CGCS 4510
715 19 52 53.2 +20 51 09 58.4 -3.3 15.2 -113±1 CGCS 4539
717 19 58 58.2 +36 13 38 72.3 +3.5 12.3 -100±4 CGCS 4592
718 20 02 14.0 +36 42 02 73.0 +3.2 13.4 -69±2 CGCS 4625
719 20 02 56.7 +37 00 56 73.4 +3.2 14.8 -135±4
721 20 08 55.9 +39 28 35 76.1 +3.6 14.9 -144±2
722 20 14 48.9 +40 12 17 77.3 +3.0 15.2 -130±1 CGCS 4773
725 20 19 53.7 +41 47 29 79.2 +3.1 13.7 -48±11
726 20 27 39.8 +31 12 20 71.4 -4.2 15.2 -137±3
845 21 30 38.5 +45 06 55 90.0 -4.5 18.1 -120±2 CGCS 5330
1007 20 52 32.1 +30 34 01 74.1 -8.9 16.9 -117±4
728 20 54 31.5 +39 42 11 81.5 -3.4 13.8 -126±3 CGCS 5030
1008 21 09 28.0 +34 51 07 79.8 -8.8 24.0 -173±5
1010 21 59 06.0 +45 39 01 94.2 -7.4 17.6 -165±6
732 22 06 19.1 +61 00 53 104.2 +4.3 13.4 -71±2 CGCS 5580
1011 22 20 57.5 +47 23 23 98.3 -8.1 21.3 -120±5 CGCS 5633
733 22 51 10.4 +64 14 57 110.3 +4.4 14.1 -128±3
734 23 08 01.3 +55 49 24 108.7 -4.2 16.8 -154±4 CGCS 5811
735 23 38 44.3 +58 16 43 113.5 -3.3 15.8 -119±2 CGCS 5904
736 23 46 48.8 +58 08 41 114.5 -3.7 13.5 -70±1 CGCS 5932
737 00 51 04.9 +59 30 15 122.9 -3.4 12.0 -107±4 CGCS 123
738 01 12 42.0 +59 44 50 125.6 -3.0 13.4 -80±1 CGCS 186
805 01 20 00.5 +54 02 26 127.2 -8.6 21.4 -117±3 CGCS 210
807 02 03 31.6 +55 52 15 133.0 -5.6 24.5 -86±4 CGCS 6023
809 02 09 23.2 +54 27 51 134.2 -6.7 20.1 -107±4
