701	19	25	57.7	25	1	36	59	4.1	13.8	-127               3
702	19	27	41.6	24	46	59	50	3.7	15.7	-108               1
703	19	31	18.9	26	48	16	61.2	3.9	12.7	-113               4
704	19	36	11.3	27	15	47	62.1	3.2	12.1	-115               5
705	19	38	39.4	28	37	1	63.5	3.4	17.1	-96               2
706	19	39	33.9	15	50	23	52.5	-3.1	12.2	-5               3
707	19	40	7.8	15	33	23	52.3	-3.4	15.5	-91               4
708	19	41	14.1	30	26	14	65.4	3.8	14.2	-108               5
709	19	41	45.8	29	9	54	64.3	3	13	-101               1
710	19	42	35.3	29	53	19	65.1	3.2	12.7	-92               8
712	19	44	45.5	17	12	54	54.7	-3.3	17.7	-52               7
714	19	49	40.5	34	21	57	69.7	4.2	13.2	-125               6
715	19	52	53.2	20	51	9	58.4	-3.3	15.2	-113               1
717	19	58	58.2	36	13	38	72.3	3.5	12.3	-100               4
718	20	2	14	36	42	2	73	3.2	13.4	-69               2
719	20	2	56.7	37	0	56	73.4	3.2	14.8	-135               4
721	20	8	55.9	39	28	35	76.1	3.6	14.9	-144               2
722	20	14	48.9	40	12	17	77.3	3	15.2	-130               1
725	20	19	53.7	41	47	29	79.2	3.1	13.7	-48               11
726	20	27	39.8	31	12	20	71.4	-4.2	15.2	-137               3
845	21	30	38.5	45	6	55	90	-4.5	18.1	-120               2
1007	20	52	32.1	30	34	1	74.1	-8.9	16.9	-117               4
728	20	54	31.5	39	42	11	81.5	-3.4	13.8	-126               3
1008	21	9	28	34	51	7	79.8	-8.8	24	-173               5
1010	21	59	6	45	39	1	94.2	-7.4	17.6	-165               6
732	22	6	19.1	61	0	53	104.2	4.3	13.4	-71               2
1011	22	20	57.5	47	23	23	98.3	-8.1	21.3	-120               5
733	22	51	10.4	64	14	57	110.3	4.4	14.1	-128               3
734	23	8	1.3	55	49	24	108.7	-4.2	16.8	-154               4
735	23	38	44.3	58	16	43	113.5	-3.3	15.8	-119               2
736	23	46	48.8	58	8	41	114.5	-3.7	13.5	-70               1
737	0	51	4.9	59	30	15	122.9	-3.4	12	-107               4
738	1	12	42	59	44	50	125.6	-3	13.4	-80               1
805	1	20	0.5	54	2	26	127.2	-8.6	21.4	-117               3
807	2	3	31.6	55	52	15	133	-5.6	24.5	-86               4
809	2	9	23.2	54	27	51	134.2	-6.7	20.1	-107               4
