  1 00 35 37.5 +58 00 24.3  3.6 10.0 -0.30  -69  6  -70.2
  2 00 46 17.9 +59 37 40.1  3.3  9.8 -0.19  -36 10  -37.3
  3 01 18 52.8 +58 09 31.0  3.4 10.0 -0.26  -62  5  -64.3
  4 01 25 18.9 +57 39 18.0  4.0 10.5 -0.34  -52  2  -54.5
  5 01 34 16.1 +57 43 27.6  3.3 10.0 -0.27  -72  8  -74.7
  6 01 42 08.7 +57 55 32.1  5.8 12.2 -0.43 -100  2 -102.9
  7 01 43 58.3 +58 41 05.0  3.3 10.1 -0.20  -36 10  -38.8
  8 01 50 55.6 +57 28 51.0  4.3 10.9 -0.34  -35 10  -38.1
  9 01 52 15.5 +56 58 02.5  4.4 11.1 -0.38  -82  2  -85.2
 10 02 06 39.6 +56 51 06.2  3.9 10.6 -0.30  -38  4  -41.6
 12 02 20 57.6 +56 23 20.1  6.9 13.4 -0.52  -64 10  -67.9
 13 02 29 39.7 +56 11 30.2  4.4 11.3 -0.32  -35  5  -39.1
 14 02 32 46.3 +56 29 27.0  5.2 11.9 -0.33  -25  3  -28.6
 15 02 35 17.1 +56 08 44.7  2.7  9.8 -0.18  -38  8  -42.2
 16 02 38 08.6 +56 21 04.2  6.6 13.3 -0.41  -35  4  -39.2
 17 04 30 01.3 +41 50 27.7  2.4  9.9 -0.19  -38 10  -46.2
 18 04 30 55.8 +41 34 15.1  3.5 10.9 -0.28  -58  7  -66.3
 19 04 37 17.1 +40 46 58.8  7.0 14.4 -0.52  -14  4  -22.5
 20 04 39 35.3 +41 37 11.3  1.5  9.0 -0.09   51  8   42.7
 21 04 40 38.4 +41 29 52.4  4.5 12.0 -0.26   -6  7  -14.3
 22 05 10 27.7 +33 59 38.3  2.1  9.7 -0.12   49  9   39.5
 23 05 11 38.2 +46 17 04.3  3.1 10.6  0.22   34 12   26.7
 24 05 23 00.2 +29 24 16.8  5.5 13.1 -0.37   0   2  -10.2
 25 05 33 37.8 +40 28 30.2  5.2 12.7  0.37   -1 11   -9.3
 26 05 34 42.4 +40 15 38.0  4.8 12.4  0.34  -16  9  -24.3
 27 05 51 05.5 +17 22 17.1  5.0 12.6 -0.43   45  9   33.6
 28 05 56 38.5 +14 57 29.0  5.0 12.6 -0.43   70 11   58.5
 29 05 56 46.3 +16 32 31.2  5.5 13.1 -0.40   33 12   21.6
 30 05 56 48.4 +30 50 09.0  5.1 12.7  0.27   14  2    4.5
 31 05 57 14.8 +32 22 39.1  5.2 12.9  0.36  -12 14  -21.3
 32 06 00 52.2 +30 45 25.4  3.8 11.4  0.25   35  9   25.5
 33 06 01 43.7 +29 27 16.7  2.1  9.8  0.12   33  2   23.3
 34 06 02 45.9 +29 38 44.6  2.8 10.4  0.18   40 13   30.4
 35 06 06 05.8 +11 57 37.4  3.9 11.4 -0.30   59  9   47.4
 36 06 10 51.5 +09 22 35.0  4.9 12.3 -0.39   51  9   39.3
 37 06 12 17.5 +09 21 01.9  4.8 12.3 -0.36   53 13   41.3
 38 06 14 53.9 +08 39 58.7  6.6 13.9 -0.46   64 13   52.3
 39 06 15 27.0 +07 05 56.1  3.3 10.8 -0.27   43  7   31.2
 40 06 16 06.4 +06 46 37.1  4.6 12.0 -0.38   36 13   24.2
 41 06 16 21.7 +09 53 54.3  2.1  9.6 -0.12   28  9   16.4
 42 06 17 37.3 +09 37 35.1  6.5 13.9 -0.34   96  3   84.4
 44 06 19 37.2 +06 48 38.5  2.9 10.3 -0.20   34  5   22.3
 45 06 19 50.4 +05 19 34.5  3.6 11.0 -0.29   27  9   15.2
 46 06 20 17.2 +25 04 34.2  6.8 14.4  0.57   47  8   37.1
 47 06 20 39.8 +05 52 58.4  4.3 11.7 -0.31   49 10   37.2
 48 06 21 53.9 +06 26 27.1  7.8 15.1 -0.49   66  9   54.3
 49 06 23 53.4 +06 27 41.9  9.0 16.2 -0.49   71  7   59.4
 51 06 33 54.1 +15 55 07.6  4.3 11.8  0.25   38  9   27.4
 52 06 34 46.4 +17 46 37.2  3.6 11.1  0.28   76 11   65.6
 54 06 52 59.6 +09 16 37.5 14.7 21.9  1.17   87  6   76.3
 55 06 53 21.3 +05 41 36.1  5.9 13.1  0.31   77  9   66.1
 56 06 53 32.7 +07 10 32.7  4.0 11.3  0.26  101 13   90.2
 57 06 53 56.9 +09 21 10.6  6.8 14.0  0.57   83 10   72.4
 58 06 54 00.1 +09 00 06.9  4.8 12.1  0.39   99 11   88.3
 60 06 57 07.9 +05 28 51.8  3.6 10.9  0.24   92 11   81.2
 65 19 32 20.6 +27 46 21.1 14.8 13.1  1.07  -63 11  -53.2
 66 19 32 41.0 +28 06 01.1 14.8 13.1  1.10 -107 10  -97.2
 68 19 35 18.4 +28 51 10.6 13.4 12.1  0.96 -145  6 -135.3
 69 19 35 55.1 +30 30 00.7 13.3 12.2  1.11  -76  6  -66.4
 76 19 43 21.1 +31 50 40.4 11.6 11.1  0.82  -58  9  -48.7
 78 19 45 33.2 +33 31 08.8 13.1 12.5  1.02  -82  8  -72.9
 79 19 47 17.5 +33 30 04.8 15.5 14.6  1.12 -128 10 -119.0
 82 19 56 06.5 +36 06 32.8 10.6 11.0  0.73  -70 11  -61.4
 85 20 06 43.4 +40 20 24.2  8.7 10.2  0.67  -76  5  -68.0
 88 20 48 11.2 +36 09 17.3  9.5 10.9 -0.77  -72 11  -65.4
 89 20 52 27.5 +36 54 35.8  8.4 10.2 -0.71  -65 17  -58.6
 91 21 41 11.6 +46 31 04.3  6.1 10.0 -0.50  -93  6  -88.8
 92 21 52 09.8 +47 49 13.0  6.3 10.3 -0.54  -77  8  -73.2
 93 21 57 21.6 +49 53 59.1  4.3  9.2 -0.29  -80  6  -76.4
 94 21 58 26.3 +49 38 33.7  4.0  9.0 -0.29  -66  2  -62.4
 96 22 03 44.0 +49 46 48.9  4.1  9.1 -0.33  -55  5  -51.7
 97 22 09 05.6 +50 27 57.7  5.7 10.2 -0.45  -74  4  -70.8
 98 22 09 30.9 +52 11 30.4  5.5 10.1 -0.30  -36  6  -32.8
 99 22 10 08.7 +51 39 59.2  4.2  9.3 -0.26  -82  6  -78.9
102 22 48 34.6 +54 56 21.6  4.6  9.9 -0.31  -56 13  -54.0
