(1) 	(2) 	(3) 	(4) 	(5) 	(6) 	(7) 	(8) 	(9) 	(10) 	(11) 	(12) 	(13) 	(14) 	(15) 	(16) 	(17) 	(18) 	(19) 	(20) 	(21)
2.40 	1.40 	3.0 	pbd+03 	3.00 	2.70 	pbd+03 	4.7 	1.4 	rus03 	  	  	  	  	54.7 	  	  	54.7 	  	  	54.7
4.30 	0.60 	6.6 	rus03 	  	  	  	1.3 	0.4 	rus03 	  	  	  	  	28.0 	  	  	28.0 	  	  	28.0
6.00 	-1.30 	2.8 	pbd+03 	44.90 	2.70 	pbd+03 	1.6 	0.25 	rus03 	  	  	  	  	65.8 	  	  	65.8 	  	  	65.8
6.00 	-1.20 	3.6 	pbd+03 	113.40 	2.70 	pbd+03 	1.6 	0.25 	rus03 	  	  	  	  	89.5 	  	  	89.5 	  	  	89.5
6.20 	-1.20 	3.0 	pbd+03 	2.10 	2.70 	pbd+03 	1.6 	0.25 	rus03 	  	  	  	  	23.7 	  	  	23.7 	  	  	23.7
6.90 	-2.10 	5.4 	pbd+03 	15.40 	2.70 	pbd+03 	1.6 	0.25 	rus03 	  	  	  	  	46.0 	  	  	46.0 	  	  	46.0
7.00 	-0.20 	14.3 	pbd+03 	15.00 	2.70 	pbd+03 	2.7 	0.8 	rus03 	knear 	pdd04 	3.0 	5.5 	64.7 	  	  	64.7 	  	  	64.7
7.30 	-0.10 	17.9 	pbd+03 	1.70 	2.70 	pbd+03 	2.7 	0.8 	rus03 	  	  	  	  	31.3 	  	  	31.3 	  	  	31.3
8.70 	-0.50 	15.0 	rus03 	  	  	  	1.7 	0.5 	rus03 	  	  	  	  	  	  	  	  	  	  	 
10.31 	-0.15 	9.4 	swa+04 	8.70 	4.86 	swa+04 	3.4 	0.3 	bdc01 	knear 	pmg08 	1.6 	6.9 	64.1 	  	  	64.1 	  	  	64.1
11.50 	-1.00 	12.0 	rus03 	3.20 	2.70 	pbd+03 	1.6 	0.2 	rus03 	knear 	pdd04 	2.5 	6.0 	27.3 	  	  	27.3 	  	  	27.3
12.80 	0.40 	20.7 	pbd+03 	4.10 	2.70 	pbd+03 	2.4 	0.2 	rus03 	  	  	  	  	38.8 	  	  	38.8 	  	  	38.8
13.50 	-0.20 	11.3 	pbd+03 	0.60 	2.70 	pbd+03 	1.6 	0.25 	rus03 	  	  	  	  	15.6 	  	  	15.6 	  	  	15.6
13.80 	-0.80 	23.9 	pbd+03 	14.20 	2.70 	pbd+03 	1.6 	0.25 	rus03 	  	  	  	  	44.8 	  	  	44.8 	  	  	44.8
14.10 	-0.50 	20.6 	pbd+03 	1.70 	2.70 	pbd+03 	1.6 	0.25 	rus03 	  	  	  	  	22.1 	  	  	22.1 	  	  	22.1
14.40 	-0.70 	11.9 	pbd+03 	2.90 	2.70 	pbd+03 	1.6 	0.25 	rus03 	knear 	pdd04 	1.5 	7.0 	26.4 	  	  	26.4 	  	  	26.4
15.00 	-0.70 	13.9 	pbd+03 	489.00 	2.70 	pbd+03 	1.6 	0.25 	rus03 	knear 	pdd04 	1.7 	6.9 	145.7 	  	  	145.7 	  	  	145.7
15.10 	-0.90 	13.8 	pbd+03 	4.20 	2.70 	pbd+03 	1.6 	0.25 	rus03 	knear 	pdd04 	1.7 	6.9 	29.8 	  	  	29.8 	  	  	29.8
15.10 	-0.70 	19.1 	pbd+03 	552.00 	2.70 	pbd+03 	1.6 	0.25 	rus03 	knear 	pdd04 	2.2 	6.4 	151.8 	  	  	151.8 	  	  	151.8
15.20 	-0.60 	13.9 	pbd+03 	5.60 	2.70 	pbd+03 	1.6 	0.25 	rus03 	knear 	pdd04 	1.7 	6.9 	32.9 	  	  	32.9 	  	  	32.9
15.20 	-0.80 	23.7 	pbd+03 	7.10 	2.70 	pbd+03 	1.6 	0.25 	rus03 	knear 	pdd04 	2.6 	6.0 	35.6 	  	  	35.6 	  	  	35.6
15.20 	1.50 	17.5 	rus03 	  	  	  	2.8 	0.6 	rus03 	  	  	  	  	50.0 	  	  	50.0 	  	  	50.0
16.30 	-0.20 	49.5 	pbd+03 	14.00 	2.70 	pbd+03 	4.0 	0.6 	rus03 	knear 	ab09 	4.1 	4.7 	82.1 	  	  	82.1 	  	  	82.1
16.40 	-0.50 	42.7 	pbd+03 	8.10 	2.70 	pbd+03 	4.0 	0.6 	rus03 	  	  	  	  	68.4 	  	  	68.4 	  	  	68.4
16.40 	-0.20 	44.5 	pbd+03 	6.00 	2.70 	pbd+03 	4.0 	0.6 	rus03 	knear 	ab09 	3.9 	4.9 	61.9 	  	  	61.9 	  	  	61.9
16.60 	-0.30 	44.9 	pbd+03 	2.30 	2.70 	pbd+03 	4.0 	0.6 	rus03 	  	  	  	  	45.0 	  	  	45.0 	  	  	45.0
16.90 	-1.10 	  	pbd+03 	1.30 	2.70 	pbd+03 	1.6 	0.25 	rus03 	  	  	  	  	20.2 	  	  	20.2 	  	  	20.2
16.90 	0.80 	26.3 	pbd+03 	169.00 	2.70 	pbd+03 	2.0 	0.25 	rus03 	knear 	pdd04 	2.6 	6.0 	118.7 	  	  	118.7 	  	  	118.7
17.00 	0.80 	24.5 	pbd+03 	107.00 	2.70 	pbd+03 	2.0 	0.25 	rus03 	knear 	pdd04 	2.5 	6.2 	101.9 	  	  	101.9 	  	  	101.9
17.00 	0.90 	26.4 	pbd+03 	21.10 	2.70 	pbd+03 	2.0 	0.25 	rus03 	knear 	pdd04 	2.6 	6.0 	59.3 	  	  	59.3 	  	  	59.3
17.10 	0.80 	27.4 	pbd+03 	8.80 	2.70 	pbd+03 	2.0 	0.25 	rus03 	  	  	  	  	44.3 	  	  	44.3 	  	  	44.3
18.30 	1.90 	29.9 	pbd+03 	5.90 	2.70 	pbd+03 	2.0 	0.2 	rus03 	knear 	pdd04 	2.8 	5.9 	38.8 	  	  	38.8 	  	  	38.8
18.60 	-0.30 	71.1 	pbd+03 	2.40 	2.70 	pbd+03 	3.4 	1.0 	rus03 	  	  	  	  	40.9 	  	  	40.9 	  	  	40.9
18.70 	2.00 	26.6 	pbd+03 	88.00 	2.70 	pbd+03 	2.0 	0.2 	rus03 	knear 	pdd04 	2.5 	6.2 	95.5 	  	  	95.5 	  	  	95.5
18.90 	-0.50 	65.5 	pbd+03 	15.70 	2.70 	pbd+03 	3.4 	1.0 	rus03 	knear 	pdd04 	4.6 	4.4 	76.6 	  	  	76.6 	  	  	76.6
18.90 	-0.40 	68.0 	pbd+03 	18.50 	2.70 	pbd+03 	3.4 	1.0 	rus03 	knear 	pdd04 	4.7 	4.3 	80.9 	  	  	80.9 	  	  	80.9
18.95 	-0.02 	52.3 	ab09 	2.16 	4.85 	PMN 	3.4 	1.0 	rus03 	knear 	ab09 	4.0 	4.9 	40.3 	  	  	40.3 	  	  	40.3
19.00 	-0.00 	48.7 	pbd+03 	2.60 	2.70 	pbd+03 	3.4 	1.0 	rus03 	knear 	pdd04 	3.8 	5.0 	42.0 	  	  	42.0 	  	  	42.0
19.00 	-0.40 	65.8 	pbd+03 	7.10 	2.70 	pbd+03 	3.4 	1.0 	rus03 	knear 	ab09 	4.6 	4.4 	58.8 	  	  	58.8 	  	  	58.8
19.00 	-0.60 	68.2 	pbd+03 	2.00 	2.70 	pbd+03 	3.4 	1.0 	rus03 	knear 	ab09 	4.7 	4.3 	38.5 	  	  	38.5 	  	  	38.5
19.07 	-0.28 	64.2 	swa+04 	3.40 	4.86 	swa+04 	3.4 	1.0 	rus03 	knear 	swa+04 	4.6 	4.4 	46.9 	  	  	46.9 	  	  	46.9
19.10 	-0.30 	66.5 	pbd+03 	25.00 	2.70 	pbd+03 	3.4 	1.0 	rus03 	knear 	pdd04 	4.7 	4.4 	89.4 	  	  	89.4 	  	  	89.4
19.12 	-0.34 	63.5 	swa+04 	1.35 	4.86 	swa+04 	3.4 	1.0 	rus03 	knear 	swa+04 	4.5 	4.5 	34.5 	  	  	34.5 	  	  	34.5
19.50 	0.10 	19.9 	pbd+03 	3.50 	2.70 	pbd+03 	2.0 	0.2 	rus03 	  	  	  	  	32.6 	  	  	32.6 	  	  	32.6
20.50 	0.20 	24.1 	pbd+03 	2.40 	2.70 	pbd+03 	2.0 	0.2 	rus03 	  	  	  	  	28.7 	  	  	28.7 	  	  	28.7
23.00 	-0.40 	74.1 	pbd+03 	4.10 	2.70 	pbd+03 	4.59 	0.4 	brm+08 	  	  	  	  	59.0 	  	  	59.0 	  	  	59.0
23.10 	0.60 	29.5 	pbd+03 	2.80 	2.70 	pbd+03 	1.7 	0.5 	rus03 	knear 	pdd04 	2.4 	6.4 	27.1 	  	  	27.1 	  	  	27.1
23.42 	-0.21 	103.0 	lt08 	19.30 	2.70 	pbd+03 	5.88 	1.2 	brm+08 	kfar 	lt08 	9.6 	3.8 	117.1 	  	  	117.1 	  	  	117.1
23.96 	0.15 	78.9 	ab09 	2.70 	2.70 	pbd+03 	2.5 	0.4 	cf08 	knear 	ab09 	4.9 	4.5 	34.7 	  	  	34.7 	  	  	34.7
24.70 	-0.20 	84.8 	pbd+03 	3.20 	2.70 	pbd+03 	2.2 	0.25 	rus03 	  	  	  	  	33.7 	  	  	33.7 	  	  	33.7
25.30 	0.30 	40.3 	pbd+03 	2.30 	2.70 	pbd+03 	2.2 	0.25 	rus03 	  	  	  	  	30.2 	  	  	30.2 	  	  	30.2
26.40 	1.80 	43.0 	pbd+03 	0.20 	2.70 	pbd+03 	2.3 	0.7 	rus03 	  	  	  	  	13.8 	  	  	13.8 	  	  	13.8
29.00 	-0.60 	52.6 	pbd+03 	4.00 	2.70 	pbd+03 	3.3 	0.7 	rus03 	  	  	  	  	47.6 	  	  	47.6 	  	  	47.6
29.10 	-0.70 	47.3 	pbd+03 	1.20 	2.70 	pbd+03 	3.3 	0.7 	rus03 	knear 	pdd04 	3.2 	5.9 	31.9 	  	  	31.9 	  	  	31.9
29.10 	-0.00 	52.4 	pbd+03 	2.10 	2.70 	pbd+03 	3.3 	0.7 	rus03 	  	  	  	  	38.4 	  	  	38.4 	  	  	38.4
29.20 	0.00 	61.7 	pbd+03 	6.60 	2.70 	pbd+03 	3.3 	0.7 	rus03 	  	  	  	  	56.2 	  	  	56.2 	  	  	56.2
30.60 	-0.60 	17.8 	rus03 	  	  	  	0.5 	0.1 	rus03 	  	  	  	  	  	  	  	  	  	  	 
31.90 	1.40 	53.0 	rus03 	1.80 	2.70 	pbd+03 	3.8 	1.1 	rus03 	knear 	pdd04 	3.6 	5.8 	40.1 	  	  	40.1 	  	  	40.1
35.10 	-1.50 	44.2 	pbd+03 	3.00 	2.70 	pbd+03 	3.27 	0.5 	zzr+08 	knear 	pdd04 	3.0 	6.3 	42.4 	  	  	42.4 	  	  	42.4
35.20 	-1.70 	46.5 	pbd+03 	14.80 	2.70 	pbd+03 	3.27 	0.5 	zzr+08 	  	  	  	  	72.1 	  	  	72.1 	  	  	72.1
36.30 	-1.70 	63.5 	pbd+03 	10.00 	2.70 	pbd+03 	1.8 	0.5 	rus03 	knear 	pdd04 	4.2 	5.7 	43.1 	  	  	43.1 	  	  	43.1
39.90 	-1.30 	44.3 	pbd+03 	3.00 	2.70 	pbd+03 	2.1 	0.6 	rus03 	knear 	pdd04 	3.0 	6.5 	32.0 	  	  	32.0 	  	  	32.0
49.00 	-0.30 	64.8 	pbd+03 	113.00 	2.70 	pbd+03 	5.1 	2.2 	xrm+08 	  	  	  	  	193.7 	  	  	193.7 	  	  	193.7
49.10 	-0.70 	  	pbd+03 	34.00 	2.70 	pbd+03 	5.1 	2.2 	xrm+08 	  	  	  	  	129.8 	  	  	129.8 	  	  	129.8
49.10 	-0.40 	71.2 	pbd+03 	11.20 	2.70 	pbd+03 	5.1 	2.2 	xrm+08 	  	  	  	  	89.6 	  	  	89.6 	  	  	89.6
49.20 	-0.30 	68.6 	pbd+03 	23.80 	2.70 	pbd+03 	5.1 	2.2 	xrm+08 	  	  	  	  	115.3 	  	  	115.3 	  	  	115.3
49.50 	-0.40 	57.5 	pbd+03 	119.00 	2.70 	pbd+03 	5.1 	2.2 	xrm+08 	  	  	  	  	197.1 	  	  	197.1 	  	  	197.1
51.20 	-0.10 	  	pbd+03 	39.40 	2.70 	pbd+03 	5.1 	2.2 	xrm+08 	  	  	  	  	136.3 	  	  	136.3 	  	  	136.3
53.50 	0.00 	24.0 	rus03 	0.60 	2.70 	pbd+03 	1.4 	0.4 	rus03 	knear 	pdd04 	1.8 	7.6 	14.3 	  	  	14.3 	  	  	14.3
5.90 	-3.80 	29.6 	rus03 	  	  	  	4.5 	1.3 	rus03 	  	  	  	  	  	  	  	  	  	  	 
59.50 	-0.20 	29.4 	pbd+03 	15.00 	2.70 	pbd+03 	2.3 	0.25 	rus03 	  	  	  	  	58.1 	  	  	58.1 	  	  	58.1
60.90 	-0.10 	18.6 	pbd+03 	2.00 	2.70 	pbd+03 	2.2 	0.3 	rus03 	knear 	ahck02 	1.7 	7.8 	28.8 	  	  	28.8 	  	  	28.8
61.50 	0.10 	27.3 	pbd+03 	9.00 	2.70 	pbd+03 	2.2 	0.3 	rus03 	  	  	  	  	47.6 	  	  	47.6 	  	  	47.6
62.90 	0.10 	19.2 	pbd+03 	0.60 	2.70 	pbd+03 	2.2 	0.3 	rus03 	  	  	  	  	19.3 	  	  	19.3 	  	  	19.3
62.90 	0.10 	19.2 	pbd+03 	0.30 	2.70 	pbd+03 	2.2 	0.3 	rus03 	knear 	pdd04 	1.9 	7.8 	15.3 	  	  	15.3 	  	  	15.3
63.20 	0.50 	19.4 	pbd+03 	7.00 	2.70 	pbd+03 	2.2 	0.3 	rus03 	knear 	pdd04 	1.9 	7.8 	43.8 	  	  	43.8 	  	  	43.8
64.10 	-0.50 	23.6 	pbd+03 	1.50 	2.70 	pbd+03 	3.9 	0.5 	rus03 	  	  	  	  	38.4 	  	  	38.4 	  	  	38.4
68.20 	1.00 	  	pbd+03 	10.00 	2.70 	pbd+03 	3.6 	1.1 	rus03 	  	  	  	  	68.4 	  	  	68.4 	  	  	68.4
70.20 	1.70 	-22.9 	pbd+03 	2.20 	2.70 	pbd+03 	7.0 	1.5 	rus03 	  	  	  	  	64.4 	  	  	64.4 	  	  	64.4
70.29 	1.60 	-24.2 	ahck02 	4.37 	4.86 	ahck02 	7.0 	1.5 	rus03 	  	  	  	  	82.5 	  	  	82.5 	  	  	82.5
70.33 	1.59 	-21.1 	ahck02 	2.21 	4.86 	ahck02 	7.0 	1.5 	rus03 	  	  	  	  	65.7 	  	  	65.7 	  	  	65.7
71.60 	2.80 	16.0 	pbd+03 	5.30 	2.70 	pbd+03 	2.8 	0.8 	rus03 	  	  	  	  	46.8 	  	  	46.8 	  	  	46.8
74.80 	0.60 	-2.2 	pbd+03 	11.70 	2.70 	pbd+03 	3.1 	0.9 	rus03 	  	  	  	  	65.3 	  	  	65.3 	  	  	65.3
77.40 	-3.70 	8.1 	rus03 	0.10 	2.70 	pbd+03 	2.6 	0.8 	rus03 	  	  	  	  	11.9 	  	  	11.9 	  	  	11.9
85.50 	-1.00 	3.4 	rus03 	  	  	  	1.0 	0.3 	rus03 	  	  	  	  	116.0 	  	  	116.0 	  	  	116.0
87.60 	-3.80 	2.8 	rus03 	  	  	  	0.9 	0.3 	rus03 	  	  	  	  	47.0 	  	  	47.0 	  	  	47.0
93.10 	2.80 	-61.0 	pbd+03 	2.80 	2.70 	pbd+03 	6.3 	1.1 	rus03 	  	  	  	  	65.0 	  	  	65.0 	  	  	65.0
94.40 	-5.50 	0.9 	pbd+03 	1.90 	2.70 	pbd+03 	0.9 	0.04 	rus03 	  	  	  	  	15.6 	  	  	15.6 	  	  	15.6
94.50 	-1.50 	-38.6 	rus03 	2.30 	2.70 	pbd+03 	3.6 	0.8 	rus03 	  	  	  	  	41.9 	  	  	41.9 	  	  	41.9
95.40 	16.80 	-4.0 	rus03 	  	  	  	0.4 	0.04 	rus03 	  	  	  	  	  	  	  	  	  	  	 
96.00 	2.00 	-74.0 	rus03 	  	  	  	9.6 	0.4 	rag07 	  	  	  	  	74.7 	  	  	74.7 	  	  	74.7
96.30 	2.60 	-95.0 	rus03 	0.60 	2.70 	pbd+03 	9.7 	2.9 	rus03 	  	  	  	  	51.9 	  	  	51.9 	  	  	51.9
96.30 	-0.20 	-54.2 	rus03 	  	  	  	8.88 	0.61 	rag07 	  	  	  	  	45.1 	  	  	45.1 	  	  	45.1
99.30 	3.70 	-2.0 	rus03 	  	  	  	0.9 	0.04 	rus03 	  	  	  	  	59.0 	  	  	59.0 	  	  	59.0
100.00 	10.00 	-9.6 	rus03 	  	  	  	0.6 	0.1 	rus03 	  	  	  	  	  	  	  	  	  	  	 
101.40 	2.70 	-61.0 	rus03 	0.20 	2.70 	pbd+03 	5.25 	0.29 	rag07 	kout 	hh09 	7.2 	12.2 	23.7 	  	  	23.7 	  	  	23.7
102.90 	-0.70 	-48.1 	pbd+03 	2.60 	2.70 	pbd+03 	3.1 	0.3 	rus03 	  	  	  	  	39.5 	  	  	39.5 	  	  	39.5
103.70 	2.20 	-16.1 	pbd+03 	0.60 	2.70 	pbd+03 	1.2 	0.25 	rus03 	  	  	  	  	12.9 	  	  	12.9 	  	  	12.9
104.60 	1.40 	-20.7 	pbd+03 	1.40 	2.70 	pbd+03 	1.2 	0.25 	rus03 	  	  	  	  	17.1 	  	  	17.1 	  	  	17.1
105.20 	7.10 	-10.3 	pbd+03 	0.20 	2.70 	pbd+03 	0.7 	0.1 	rus03 	  	  	  	  	6.2 	  	  	6.2 	  	  	6.2
105.60 	0.40 	-52.0 	rus03 	0.70 	2.70 	pbd+03 	2.91 	1.4 	rag07 	  	  	  	  	24.4 	  	  	24.4 	  	  	24.4
106.80 	3.30 	-65.0 	pbd+03 	0.60 	2.70 	pbd+03 	8.34 	0.6 	rag07 	  	  	  	  	46.8 	  	  	46.8 	  	  	46.8
106.80 	5.30 	-8.5 	pbd+03 	0.70 	2.70 	pbd+03 	0.9 	0.1 	rus03 	  	  	  	  	11.2 	  	  	11.2 	  	  	11.2
107.20 	-1.00 	-36.0 	pbd+03 	6.60 	2.70 	pbd+03 	3.7 	0.25 	rus03 	  	  	  	  	60.7 	  	  	60.7 	  	  	60.7
108.20 	5.60 	-8.8 	pbd+03 	0.10 	2.70 	pbd+03 	0.9 	0.1 	rus03 	  	  	  	  	5.9 	  	  	5.9 	  	  	5.9
108.30 	-1.00 	-55.2 	rus03 	0.60 	2.70 	pbd+03 	5.3 	1.1 	rus03 	  	  	  	  	34.7 	  	  	34.7 	  	  	34.7
108.80 	-0.90 	-50.1 	pbd+03 	0.90 	2.70 	pbd+03 	2.39 	0.21 	rag07 	  	  	  	  	22.7 	  	  	22.7 	  	  	22.7
108.80 	-1.00 	-49.1 	pbd+03 	1.80 	2.70 	pbd+03 	2.39 	0.21 	rag07 	  	  	  	  	28.7 	  	  	28.7 	  	  	28.7
109.20 	1.50 	-11.5 	pbd+03 	0.50 	2.70 	pbd+03 	0.7 	0.04 	rus03 	  	  	  	  	8.5 	  	  	8.5 	  	  	8.5
110.10 	0.00 	-51.7 	pbd+03 	2.50 	2.70 	pbd+03 	3.0 	0.7 	rag07 	  	  	  	  	38.2 	  	  	38.2 	  	  	38.2
110.20 	2.50 	-10.0 	pbd+03 	5.00 	2.70 	pbd+03 	0.7 	0.04 	rus03 	  	  	  	  	18.2 	  	  	18.2 	  	  	18.2
111.50 	0.80 	-60.8 	pbd+03 	28.60 	2.70 	pbd+03 	2.4 	0.14 	rag07 	  	  	  	  	74.1 	  	  	74.1 	  	  	74.1
111.60 	0.90 	-60.6 	pbd+03 	0.60 	2.70 	pbd+03 	2.65 	0.1 	mrm+08 	  	  	  	  	21.6 	  	  	21.6 	  	  	21.6
111.60 	0.40 	-64.5 	pbd+03 	2.20 	2.70 	pbd+03 	2.4 	0.14 	rag07 	  	  	  	  	31.5 	  	  	31.5 	  	  	31.5
111.90 	4.10 	5.8 	rus03 	  	  	  	1.1 	0.3 	rus03 	  	  	  	  	  	  	  	  	  	  	 
112.20 	0.20 	-41.8 	pbd+03 	7.30 	2.70 	pbd+03 	3.2 	0.25 	rus03 	  	  	  	  	57.0 	  	  	57.0 	  	  	57.0
113.60 	-0.70 	-42.7 	pbd+03 	6.90 	2.70 	pbd+03 	3.53 	0.17 	rag07 	  	  	  	  	59.3 	  	  	59.3 	  	  	59.3
114.60 	0.20 	-33.0 	rus03 	  	  	  	1.7 	0.5 	rus03 	  	  	  	  	19.0 	  	  	19.0 	  	  	19.0
115.80 	-1.60 	-40.8 	pbd+03 	1.60 	2.70 	pbd+03 	2.5 	0.5 	rus03 	  	  	  	  	29.1 	  	  	29.1 	  	  	29.1
117.60 	2.30 	-43.7 	rus03 	2.30 	2.70 	pbd+03 	2.6 	0.27 	rag07 	  	  	  	  	33.8 	  	  	33.8 	  	  	33.8
118.10 	5.00 	-9.1 	pbd+03 	9.50 	2.70 	pbd+03 	0.7 	0.04 	rus03 	  	  	  	  	22.6 	  	  	22.6 	  	  	22.6
118.60 	-1.30 	-40.8 	pbd+03 	2.10 	2.70 	pbd+03 	3.12 	0.34 	rag07 	  	  	  	  	36.8 	  	  	36.8 	  	  	36.8
119.40 	-0.90 	  	pbd+03 	2.60 	2.70 	pbd+03 	3.12 	0.34 	rag07 	  	  	  	  	39.5 	  	  	39.5 	  	  	39.5
119.40 	-0.80 	-34.5 	pbd+03 	0.60 	2.70 	pbd+03 	3.12 	0.34 	rag07 	  	  	  	  	24.2 	  	  	24.2 	  	  	24.2
120.40 	2.00 	-49.0 	rus03 	0.10 	2.70 	pbd+03 	1.09 	0.21 	rag07 	  	  	  	  	6.3 	  	  	6.3 	  	  	6.3
122.60 	0.10 	-42.3 	rus03 	  	  	  	5.3 	1.6 	rus03 	  	  	  	  	  	  	  	  	  	  	 
123.10 	-6.30 	-29.7 	pbd+03 	8.40 	2.70 	pbd+03 	2.9 	0.4 	rus03 	  	  	  	  	55.9 	  	  	55.9 	  	  	55.9
123.20 	-6.30 	-30.4 	pbd+03 	4.30 	2.70 	pbd+03 	2.9 	0.4 	rus03 	  	  	  	  	44.7 	  	  	44.7 	  	  	44.7
124.00 	-1.90 	+3.0 	rus03 	  	  	  	0.2 	0.1 	rus03 	  	  	  	  	  	  	  	  	  	  	 
133.70 	1.20 	-40.1 	pbd+03 	79.10 	2.70 	pbd+03 	2.3 	0.25 	rus03 	  	  	  	  	101.1 	  	  	101.1 	  	  	101.1
133.80 	1.40 	-47.7 	pbd+03 	17.90 	2.70 	pbd+03 	2.3 	0.25 	rus03 	  	  	  	  	61.6 	  	  	61.6 	  	  	61.6
136.10 	2.10 	-46.3 	rus03 	0.10 	2.70 	pbd+03 	2.4 	0.32 	rag07 	  	  	  	  	11.3 	  	  	11.3 	  	  	11.3
136.90 	1.00 	-41.3 	pbd+03 	2.50 	2.70 	pbd+03 	2.3 	0.25 	rus03 	  	  	  	  	32.0 	  	  	32.0 	  	  	32.0
138.50 	1.60 	-34.6 	pbd+03 	1.20 	2.70 	pbd+03 	2.3 	0.25 	rus03 	  	  	  	  	25.0 	  	  	25.0 	  	  	25.0
140.00 	2.00 	-10.7 	rus03 	  	  	  	1.1 	0.2 	rus03 	  	  	  	  	  	  	  	  	  	  	 
143.60 	-1.80 	-34.4 	rus03 	12.00 	2.70 	pbd+03 	1.71 	0.31 	rag07 	  	  	  	  	44.1 	  	  	44.1 	  	  	44.1
145.80 	3.00 	-26.0 	rus03 	  	  	  	4.0 	1.2 	rus03 	  	  	  	  	  	  	  	  	  	  	 
148.50 	-0.20 	-17.5 	rus03 	  	  	  	0.8 	0.2 	rus03 	  	  	  	  	20.0 	  	  	20.0 	  	  	20.0
150.60 	0.90 	-25.1 	pbd+03 	17.30 	2.70 	pbd+03 	2.7 	0.8 	rus03 	  	  	  	  	67.8 	  	  	67.8 	  	  	67.8
151.30 	2.00 	-32.9 	rus03 	0.10 	2.70 	pbd+03 	7.5 	1.6 	rus03 	  	  	  	  	24.0 	  	  	24.0 	  	  	24.0
151.60 	-0.20 	-49.9 	pbd+03 	12.40 	2.70 	pbd+03 	10.1 	1.7 	rus03 	  	  	  	  	145.3 	  	  	145. 	  	  	145.
154.60 	2.40 	-35.5 	pbd+03 	0.70 	2.70 	pbd+03 	6.8 	0.9 	rus03 	  	  	  	  	43.1 	  	  	43.1 	  	  	43.1
155.40 	2.60 	-40.1 	pbd+03 	1.60 	2.70 	pbd+03 	6.8 	0.9 	rus03 	  	  	  	  	56.8 	  	  	56.8 	  	  	56.8
159.10 	3.30 	-20.5 	pbd+03 	0.40 	2.70 	pbd+03 	4.19 	0.27 	rag07 	  	  	  	  	25.5 	  	  	25.5 	  	  	25.5
159.40 	2.60 	-24.5 	pbd+03 	0.10 	2.70 	pbd+03 	4.19 	0.27 	rag07 	  	  	  	  	16.1 	  	  	16.1 	  	  	16.1
160.30 	0.90 	-25.2 	pbd+03 	0.10 	2.70 	pbd+03 	4.19 	0.27 	rag07 	  	  	  	  	16.1 	  	  	16.1 	  	  	16.1
161.00 	12.00 	7.0 	rus03 	  	  	  	0.5 	0.2 	rus03 	  	  	  	  	37.0 	  	  	37.0 	  	  	37.0
168.10 	3.10 	-22.6 	rus03 	0.10 	2.70 	pbd+03 	3.8 	1.1 	rus03 	  	  	  	  	15.3 	  	  	15.3 	  	  	15.3
168.60 	0.00 	-27.1 	rus03 	0.60 	2.70 	pbd+03 	4.2 	1.3 	rus03 	  	  	  	  	29.7 	  	  	29.7 	  	  	29.7
169.20 	-0.90 	-20.5 	pbd+03 	1.50 	2.70 	pbd+03 	4.1 	1.2 	rus03 	  	  	  	  	39.7 	  	  	39.7 	  	  	39.7
172.50 	2.00 	  	rus03 	  	  	  	0.5 	0.1 	rus03 	  	  	  	  	23.0 	  	  	23.0 	  	  	23.0
173.40 	-0.20 	-14.3 	rus03 	1.50 	2.70 	pbd+03 	1.8 	0.25 	rus03 	  	  	  	  	22.9 	  	  	22.9 	  	  	22.9
173.60 	2.80 	-24.5 	pbd+03 	3.70 	2.70 	pbd+03 	1.6 	0.3 	rus03 	  	  	  	  	28.6 	  	  	28.6 	  	  	28.6
173.60 	-1.80 	-7.2 	pbd+03 	2.10 	2.70 	pbd+03 	4.3 	0.25 	rus03 	  	  	  	  	45.8 	  	  	45.8 	  	  	45.8
173.90 	0.30 	-4.3 	rus03 	0.80 	2.70 	pbd+03 	5.2 	0.8 	rus03 	  	  	  	  	37.7 	  	  	37.7 	  	  	37.7
180.90 	4.10 	-6.5 	rus03 	1.40 	2.70 	pbd+03 	4.9 	1.0 	rus03 	  	  	  	  	43.6 	  	  	43.6 	  	  	43.6
182.40 	0.20 	0.0 	rus03 	0.90 	2.70 	pbd+03 	2.2 	0.7 	rus03 	  	  	  	  	22.1 	  	  	22.1 	  	  	22.1
188.90 	0.80 	3.0 	rus03 	0.90 	2.70 	pbd+03 	4.2 	1.3 	rus03 	  	  	  	  	34.0 	  	  	34.0 	  	  	34.0
189.00 	4.00 	-5.4 	rus03 	  	  	  	1.8 	0.3 	rus03 	  	  	  	  	56.0 	  	  	56.0 	  	  	56.0
189.80 	0.30 	7.5 	pbd+03 	0.20 	2.70 	pbd+03 	2.1 	0.03 	rmb+08 	  	  	  	  	13.0 	  	  	13.0 	  	  	13.0
192.20 	3.60 	14.4 	rus03 	0.10 	2.70 	pbd+03 	5.1 	1.5 	rus03 	  	  	  	  	18.6 	  	  	18.6 	  	  	18.6
192.60 	-0.00 	5.8 	pbd+03 	1.40 	2.70 	pbd+03 	2.46 	0.16 	rag07 	  	  	  	  	27.1 	  	  	27.1 	  	  	27.1
192.90 	-0.60 	22.8 	rus03 	0.30 	2.70 	pbd+03 	8.9 	2.7 	rus03 	  	  	  	  	38.9 	  	  	38.9 	  	  	38.9
193.70 	-2.20 	6.0 	rus03 	  	  	  	1.6 	0.5 	rus03 	  	  	  	  	  	  	  	  	  	  	 
194.70 	15.60 	0.3 	rus03 	  	  	  	0.5 	0.1 	rus03 	  	  	  	  	7.0 	  	  	7.0 	  	  	7.0
195.10 	12.00 	12.0 	rus03 	  	  	  	0.5 	0.1 	rus03 	  	  	  	  	  	  	  	  	  	  	 
195.70 	-0.10 	28.6 	rus03 	0.20 	2.70 	pbd+03 	2.0 	0.6 	rus03 	  	  	  	  	12.6 	  	  	12.6 	  	  	12.6
196.40 	-1.70 	17.1 	pbd+03 	0.70 	2.70 	pbd+03 	4.2 	1.3 	rus03 	  	  	  	  	31.3 	  	  	31.3 	  	  	31.3
196.40 	-2.90 	6.3 	rus03 	  	  	  	1.3 	0.4 	rus03 	  	  	  	  	42.0 	  	  	42.0 	  	  	42.0
197.80 	-2.30 	19.2 	rus03 	0.30 	2.70 	pbd+03 	5.1 	1.1 	rus03 	  	  	  	  	26.8 	  	  	26.8 	  	  	26.8
202.90 	2.20 	7.0 	rus03 	  	  	  	0.8 	0.04 	rus03 	  	  	  	  	  	  	  	  	  	  	 
206.30 	-2.10 	14.8 	rus03 	  	  	  	1.9 	0.25 	rus03 	  	  	  	  	126.0 	  	  	126.0 	  	  	126.0
206.50 	16.40 	5.0 	pbd+03 	77.20 	2.70 	pbd+03 	0.4 	0.04 	rus03 	  	  	  	  	31.3 	  	  	31.3 	  	  	31.3
206.60 	16.20 	9.6 	pbd+03 	0.10 	2.70 	pbd+03 	0.4 	0.04 	rus03 	  	  	  	  	3.4 	  	  	3.4 	  	  	3.4
208.40 	19.10 	8.0 	pbd+03 	2.30 	2.70 	pbd+03 	0.4 	0.04 	rus03 	  	  	  	  	9.7 	  	  	9.7 	  	  	9.7
208.70 	-2.60 	11.1 	rus03 	1.80 	2.70 	pbd+03 	1.4 	0.4 	rus03 	  	  	  	  	20.6 	  	  	20.6 	  	  	20.6
208.90 	19.30 	7.7 	pbd+03 	23.00 	2.70 	pbd+03 	0.4 	0.04 	rus03 	  	  	  	  	20.9 	  	  	20.9 	  	  	20.9
209.00 	19.40 	-2.3 	pbd+03 	392.00 	2.70 	pbd+03 	0.4 	0.04 	rus03 	  	  	  	  	53.7 	  	  	53.7 	  	  	53.7
210.60 	-1.40 	22.0 	rag07 	0.10 	2.70 	pbd+03 	1.17 	0.29 	rag07 	  	  	  	  	6.7 	  	  	6.7 	  	  	6.7
210.80 	-2.60 	49.4 	pbd+03 	0.10 	2.70 	pbd+03 	7.89 	0.27 	rag07 	  	  	  	  	24.7 	  	  	24.7 	  	  	24.7
211.14 	-1.01 	37.1 	rag07 	  	  	  	4.01 	0.73 	rag07 	  	  	  	  	  	  	  	  	  	  	 
211.90 	-1.20 	45.0 	pbd+03 	0.10 	2.70 	pbd+03 	7.89 	0.27 	rag07 	  	  	  	  	24.7 	  	  	24.7 	  	  	24.7
213.80 	0.60 	45.3 	pbd+03 	0.10 	2.70 	pbd+03 	7.89 	0.27 	rag07 	  	  	  	  	24.7 	  	  	24.7 	  	  	24.7
216.10 	0.00 	22.6 	rus03 	0.10 	2.70 	pbd+03 	1.7 	0.5 	rus03 	  	  	  	  	8.9 	  	  	8.9 	  	  	8.9
218.10 	-0.30 	27.2 	pbd+03 	0.30 	2.70 	pbd+03 	2.9 	0.5 	rus03 	  	  	  	  	18.4 	  	  	18.4 	  	  	18.4
218.70 	1.80 	55.0 	rus03 	  	  	  	7.5 	2.2 	rus03 	  	  	  	  	43.0 	  	  	43.0 	  	  	43.0
218.80 	-4.60 	51.1 	rus03 	0.30 	2.70 	pbd+03 	8.5 	0.25 	rus03 	  	  	  	  	37.7 	  	  	37.7 	  	  	37.7
224.10 	-2.00 	18.4 	pbd+03 	3.60 	2.70 	pbd+03 	1.0 	0.04 	rus03 	  	  	  	  	20.7 	  	  	20.7 	  	  	20.7
224.20 	-2.90 	14.6 	pbd+03 	0.10 	2.70 	pbd+03 	1.0 	0.04 	rus03 	  	  	  	  	6.3 	  	  	6.3 	  	  	6.3
224.20 	1.20 	33.6 	rus03 	0.50 	2.70 	pbd+03 	3.24 	0.56 	rag07 	  	  	  	  	23.3 	  	  	23.3 	  	  	23.3
227.80 	-0.20 	56.5 	rus03 	  	  	  	3.7 	1.1 	rus03 	  	  	  	  	54.0 	  	  	54.0 	  	  	54.0
232.60 	0.90 	17.8 	rus03 	  	  	  	2.5 	0.7 	rus03 	  	  	  	  	29.0 	  	  	29.0 	  	  	29.0
233.80 	-0.20 	40.2 	pbd+03 	1.70 	2.70 	pbd+03 	4.3 	0.4 	rus03 	  	  	  	  	42.7 	  	  	42.7 	  	  	42.7
234.80 	10.10 	16.0 	rus03 	  	  	  	1.3 	0.4 	rus03 	  	  	  	  	17.0 	  	  	17.0 	  	  	17.0
235.50 	-4.10 	28.2 	rus03 	  	  	  	2.5 	0.4 	rus03 	  	  	  	  	  	  	  	  	  	  	 
236.60 	-2.10 	26.3 	rus03 	  	  	  	2.3 	0.7 	rus03 	  	  	  	  	  	  	  	  	  	  	 
237.00 	-1.30 	74.8 	rus03 	  	  	  	5.4 	2.0 	rus03 	  	  	  	  	  	  	  	  	  	  	 
237.30 	-6.50 	18.0 	rus03 	  	  	  	1.6 	0.25 	rus03 	  	  	  	  	  	  	  	  	  	  	 
238.50 	-4.70 	20.6 	rus03 	  	  	  	1.4 	0.1 	rus03 	  	  	  	  	  	  	  	  	  	  	 
241.50 	-0.60 	70.1 	rus03 	  	  	  	4.7 	0.6 	rus03 	  	  	  	  	  	  	  	  	  	  	 
243.20 	0.40 	53.9 	pbd+03 	14.70 	2.70 	pbd+03 	4.0 	0.25 	rus03 	  	  	  	  	83.5 	  	  	83.5 	  	  	83.5
246.00 	1.20 	62.9 	rus03 	  	  	  	6.7 	1.1 	rus03 	  	  	  	  	  	  	  	  	  	  	 
247.50 	2.20 	40.8 	rus03 	  	  	  	4.0 	0.8 	rus03 	  	  	  	  	  	  	  	  	  	  	 
247.80 	-0.50 	55.2 	rus03 	  	  	  	3.2 	0.4 	rus03 	  	  	  	  	  	  	  	  	  	  	 
248.00 	-5.50 	51.3 	rus03 	  	  	  	4.4 	0.5 	rus03 	  	  	  	  	  	  	  	  	  	  	 
253.00 	-1.30 	9.5 	rus03 	  	  	  	1.3 	0.3 	rus03 	  	  	  	  	  	  	  	  	  	  	 
253.60 	-0.20 	36.3 	pbd+03 	19.00 	2.70 	pbd+03 	3.0 	0.3 	rus03 	  	  	  	  	75.1 	  	  	75.1 	  	  	75.1
254.70 	0.20 	64.0 	pbd+03 	3.80 	2.70 	pbd+03 	7.6 	0.9 	cor+07 	  	  	  	  	81.6 	  	  	81.6 	  	  	81.6
255.70 	-2.40 	9.6 	rus03 	  	  	  	0.5 	0.1 	rus03 	  	  	  	  	  	  	  	  	  	  	 
260.10 	0.60 	7.1 	rus03 	  	  	  	1.2 	0.2 	rus03 	  	  	  	  	  	  	  	  	  	  	 
261.40 	0.80 	7.1 	rus03 	  	  	  	1.0 	0.04 	rus03 	  	  	  	  	  	  	  	  	  	  	 
262.90 	-2.40 	8.7 	rus03 	  	  	  	0.6 	0.03 	rus03 	  	  	  	  	  	  	  	  	  	  	 
263.00 	1.50 	5.5 	rus03 	  	  	  	1.1 	0.2 	rus03 	  	  	  	  	  	  	  	  	  	  	 
264.30 	1.50 	12.0 	pbd+03 	3.20 	2.70 	pbd+03 	3.1 	0.9 	rus03 	  	  	  	  	42.4 	  	  	42.4 	  	  	42.4
264.30 	0.30 	9.0 	rus03 	  	  	  	1.7 	0.3 	rus03 	  	  	  	  	  	  	  	  	  	  	 
264.40 	1.10 	6.0 	rus03 	  	  	  	0.9 	0.1 	rus03 	  	  	  	  	  	  	  	  	  	  	 
267.80 	-0.90 	7.9 	pbd+03 	21.60 	2.70 	pbd+03 	1.6 	0.2 	rus03 	  	  	  	  	51.5 	  	  	51.5 	  	  	51.5
267.90 	-1.10 	1.0 	pbd+03 	153.30 	2.70 	pbd+03 	1.6 	0.2 	rus03 	  	  	  	  	99.0 	  	  	99.0 	  	  	99.0
268.00 	1.80 	-0.9 	rus03 	  	  	  	0.5 	0.1 	rus03 	  	  	  	  	  	  	  	  	  	  	 
268.20 	-2.70 	13.0 	rus03 	  	  	  	2.6 	0.5 	rus03 	  	  	  	  	  	  	  	  	  	  	 
268.50 	-0.80 	5.0 	pbd+03 	6.60 	2.70 	pbd+03 	1.3 	0.4 	rus03 	  	  	  	  	30.2 	  	  	30.2 	  	  	30.2
269.10 	-1.10 	15.0 	pbd+03 	8.40 	2.70 	pbd+03 	2.6 	0.8 	rus03 	  	  	  	  	52.0 	  	  	52.0 	  	  	52.0
270.30 	0.80 	1.0 	pbd+03 	4.90 	2.70 	pbd+03 	3.4 	0.7 	rus03 	  	  	  	  	51.9 	  	  	51.9 	  	  	51.9
270.80 	0.70 	5.4 	rus03 	  	  	  	1.4 	0.3 	rus03 	  	  	  	  	  	  	  	  	  	  	 
274.00 	-1.10 	39.0 	pbd+03 	32.30 	2.70 	pbd+03 	2.7 	0.8 	rus03 	  	  	  	  	83.5 	  	  	83.5 	  	  	83.5
274.70 	-1.50 	3.1 	rus03 	  	  	  	4.4 	0.9 	rus03 	  	  	  	  	  	  	  	  	  	  	 
281.80 	-2.00 	-5.4 	rus03 	  	  	  	4.7 	1.0 	rus03 	  	  	  	  	  	  	  	  	  	  	 
282.30 	-1.80 	-15.0 	pbd+03 	4.30 	2.70 	pbd+03 	3.1 	0.5 	rus03 	  	  	  	  	46.8 	  	  	46.8 	  	  	46.8
282.50 	-1.20 	-12.0 	rus03 	  	  	  	2.0 	0.4 	rus03 	  	  	  	  	55.0 	  	  	55.0 	  	  	55.0
282.70 	-1.40 	-19.1 	rus03 	  	  	  	2.0 	0.4 	rus03 	  	  	  	  	  	  	  	  	  	  	 
283.50 	-1.00 	-3.0 	pbd+03 	8.90 	2.70 	pbd+03 	3.3 	0.7 	rus03 	  	  	  	  	62.1 	  	  	62.1 	  	  	62.1
284.00 	-0.90 	3.8 	pbd+03 	16.80 	2.70 	pbd+03 	5.5 	0.25 	rus03 	  	  	  	  	107.9 	  	  	107.9 	  	  	107.9
284.30 	0.40 	1.0 	pbd+03 	3.40 	2.70 	pbd+03 	5.5 	0.25 	rus03 	  	  	  	  	63.4 	  	  	63.4 	  	  	63.4
284.30 	-0.30 	-0.5 	pbd+03 	241.40 	2.70 	pbd+03 	5.5 	0.25 	rus03 	  	  	  	  	262.4 	  	  	262.4 	  	  	262.4
286.20 	-0.20 	-18.0 	pbd+03 	37.20 	2.70 	pbd+03 	2.6 	0.25 	rus03 	  	  	  	  	85.4 	  	  	85.4 	  	  	85.4
286.70 	3.00 	-13.0 	rus03 	  	  	  	2.1 	0.6 	rus03 	  	  	  	  	  	  	  	  	  	  	 
286.90 	-0.90 	-20.0 	pbd+03 	15.00 	2.70 	pbd+03 	2.6 	0.25 	rus03 	  	  	  	  	63.1 	  	  	63.1 	  	  	63.1
287.20 	0.10 	-25.0 	pbd+03 	6.70 	2.70 	pbd+03 	2.6 	0.25 	rus03 	  	  	  	  	48.2 	  	  	48.2 	  	  	48.2
287.20 	0.40 	-18.0 	pbd+03 	3.50 	2.70 	pbd+03 	2.6 	0.25 	rus03 	  	  	  	  	38.8 	  	  	38.8 	  	  	38.8
287.40 	-0.60 	-17.7 	pbd+03 	147.60 	2.70 	pbd+03 	2.6 	0.25 	rus03 	  	  	  	  	135.1 	  	  	135.1 	  	  	135.1
287.50 	-0.60 	-19.6 	pbd+03 	93.80 	2.70 	pbd+03 	2.6 	0.25 	rus03 	  	  	  	  	116.2 	  	  	116.2 	  	  	116.2
287.60 	-0.90 	-24.0 	pbd+03 	29.80 	2.70 	pbd+03 	2.6 	0.25 	rus03 	  	  	  	  	79.3 	  	  	79.3 	  	  	79.3
288.00 	-0.80 	-26.0 	pbd+03 	60.60 	2.70 	pbd+03 	2.6 	0.25 	rus03 	  	  	  	  	100.4 	  	  	100.4 	  	  	100.4
288.20 	-2.90 	-7.4 	rus03 	  	  	  	3.1 	0.9 	rus03 	  	  	  	  	  	  	  	  	  	  	 
289.10 	-0.40 	23.2 	pbd+03 	14.00 	2.70 	pbd+03 	8.0 	0.5 	rus03 	  	  	  	  	130.4 	  	  	130.4 	  	  	130.4
289.50 	0.20 	-23.0 	rus03 	  	  	  	2.9 	0.2 	rus03 	  	  	  	  	  	  	  	  	  	  	 
289.80 	-1.20 	22.0 	pbd+03 	19.80 	2.70 	pbd+03 	8.0 	0.5 	rus03 	  	  	  	  	146.3 	  	  	146.3 	  	  	146.3
289.80 	-1.10 	21.9 	pbd+03 	45.00 	2.70 	pbd+03 	8.0 	0.5 	rus03 	  	  	  	  	192.4 	  	  	192.4 	  	  	192.4
289.90 	-0.80 	22.0 	pbd+03 	5.00 	2.70 	pbd+03 	8.0 	0.5 	rus03 	  	  	  	  	92.5 	  	  	92.5 	  	  	92.5
290.40 	-2.90 	-15.0 	rus03 	  	  	  	4.2 	0.5 	rus03 	  	  	  	  	52.0 	  	  	52.0 	  	  	52.0
290.40 	1.50 	-19.0 	rus03 	  	  	  	2.7 	0.25 	rus03 	  	  	  	  	  	  	  	  	  	  	 
290.50 	-0.80 	22.0 	pbd+03 	4.00 	2.70 	pbd+03 	8.0 	0.5 	rus03 	  	  	  	  	85.9 	  	  	85.9 	  	  	85.9
290.60 	0.30 	-28.0 	pbd+03 	4.00 	2.70 	pbd+03 	2.8 	0.25 	rus03 	  	  	  	  	42.6 	  	  	42.6 	  	  	42.6
291.10 	-0.80 	17.0 	pbd+03 	4.80 	2.70 	pbd+03 	7.9 	0.25 	rus03 	  	  	  	  	90.5 	  	  	90.5 	  	  	90.5
291.30 	-0.70 	-24.5 	pbd+03 	95.00 	2.70 	pbd+03 	2.7 	0.2 	rus03 	  	  	  	  	119.6 	  	  	119.6 	  	  	119.6
291.60 	-0.50 	10.0 	pbd+03 	238.00 	2.70 	pbd+03 	7.9 	0.25 	rus03 	  	  	  	  	332.4 	  	  	332.4 	  	  	332.4
291.90 	-1.00 	15.0 	pbd+03 	6.00 	2.70 	pbd+03 	7.9 	0.25 	rus03 	  	  	  	  	97.5 	  	  	97.5 	  	  	97.5
292.30 	-4.90 	-3.0 	rus03 	  	  	  	3.3 	1.0 	rus03 	  	  	  	  	18.0 	  	  	18.0 	  	  	18.0
292.40 	1.60 	-22.4 	rus03 	  	  	  	2.3 	0.7 	rus03 	  	  	  	  	  	  	  	  	  	  	 
293.60 	-1.30 	-27.0 	pbd+03 	5.00 	2.70 	pbd+03 	2.5 	0.5 	rus03 	  	  	  	  	42.6 	  	  	42.6 	  	  	42.6
294.80 	-1.80 	-18.0 	pbd+03 	19.30 	2.70 	pbd+03 	2.2 	0.25 	rus03 	  	  	  	  	61.4 	  	  	61.4 	  	  	61.4
295.10 	-1.60 	-22.0 	pbd+03 	12.50 	2.70 	pbd+03 	2.2 	0.25 	rus03 	  	  	  	  	53.1 	  	  	53.1 	  	  	53.1
297.00 	0.00 	-28.0 	rus03 	  	  	  	2.5 	0.4 	rus03 	  	  	  	  	  	  	  	  	  	  	 
299.40 	-0.30 	-37.0 	pbd+03 	0.80 	2.70 	pbd+03 	5.4 	0.6 	rus03 	  	  	  	  	38.6 	  	  	38.6 	  	  	38.6
302.00 	-0.00 	-27.0 	pbd+03 	1.40 	2.70 	pbd+03 	2.1 	0.6 	rus03 	  	  	  	  	24.8 	  	  	24.8 	  	  	24.8
302.10 	0.30 	-24.0 	rus03 	  	  	  	2.1 	0.2 	rus03 	  	  	  	  	  	  	  	  	  	  	 
302.70 	0.20 	-33.0 	pbd+03 	5.50 	2.70 	pbd+03 	2.1 	0.6 	rus03 	  	  	  	  	39.1 	  	  	39.1 	  	  	39.1
302.80 	1.30 	-32.0 	pbd+03 	2.00 	2.70 	pbd+03 	2.1 	0.6 	rus03 	  	  	  	  	27.9 	  	  	27.9 	  	  	27.9
306.30 	0.10 	-37.0 	pbd+03 	2.70 	2.70 	pbd+03 	2.3 	0.25 	rus03 	  	  	  	  	32.8 	  	  	32.8 	  	  	32.8
308.60 	0.60 	-50.0 	pbd+03 	12.90 	2.70 	pbd+03 	4.0 	0.6 	rus03 	  	  	  	  	79.9 	  	  	79.9 	  	  	79.9
309.10 	0.20 	-47.0 	pbd+03 	4.00 	2.70 	pbd+03 	4.0 	0.6 	rus03 	  	  	  	  	54.1 	  	  	54.1 	  	  	54.1
309.50 	-0.70 	-43.0 	pbd+03 	3.00 	2.70 	pbd+03 	4.0 	0.6 	rus03 	  	  	  	  	49.1 	  	  	49.1 	  	  	49.1
309.90 	0.40 	-55.0 	pbd+03 	5.00 	2.70 	pbd+03 	4.0 	0.6 	rus03 	  	  	  	  	58.3 	  	  	58.3 	  	  	58.3
311.00 	0.40 	-51.0 	pbd+03 	4.00 	2.70 	pbd+03 	2.9 	0.9 	rus03 	  	  	  	  	43.7 	  	  	43.7 	  	  	43.7
311.30 	-0.00 	-52.0 	pbd+03 	5.20 	2.70 	pbd+03 	2.9 	0.9 	rus03 	  	  	  	  	47.6 	  	  	47.6 	  	  	47.6
312.70 	-0.40 	-29.0 	rus03 	  	  	  	1.5 	0.4 	rus03 	  	  	  	  	  	  	  	  	  	  	 
316.80 	-0.00 	-36.0 	pbd+03 	34.00 	2.70 	pbd+03 	3.6 	1.1 	rus03 	  	  	  	  	102.9 	  	  	102.9 	  	  	102.9
317.00 	0.30 	-48.8 	pbd+03 	17.00 	2.70 	pbd+03 	3.6 	1.1 	rus03 	  	  	  	  	81.7 	  	  	81.7 	  	  	81.7
317.30 	0.30 	-51.0 	pbd+03 	12.00 	2.70 	pbd+03 	3.6 	1.1 	rus03 	  	  	  	  	72.7 	  	  	72.7 	  	  	72.7
317.60 	-0.40 	-38.0 	pbd+03 	4.00 	2.70 	pbd+03 	3.6 	1.1 	rus03 	  	  	  	  	50.4 	  	  	50.4 	  	  	50.4
318.00 	-0.80 	-37.0 	pbd+03 	12.90 	2.70 	pbd+03 	3.6 	1.1 	rus03 	  	  	  	  	74.5 	  	  	74.5 	  	  	74.5
320.40 	-1.00 	-50.0 	rus03 	  	  	  	3.3 	0.25 	rus03 	  	  	  	  	113.0 	  	  	113.0 	  	  	113.0
326.20 	1.00 	-42.0 	pbd+03 	6.00 	2.70 	pbd+03 	2.3 	0.4 	rus03 	  	  	  	  	42.8 	  	  	42.8 	  	  	42.8
326.30 	0.70 	-45.0 	pbd+03 	14.00 	2.70 	pbd+03 	2.3 	0.4 	rus03 	  	  	  	  	56.8 	  	  	56.8 	  	  	56.8
326.40 	0.90 	-39.0 	pbd+03 	16.00 	2.70 	pbd+03 	2.3 	0.4 	rus03 	  	  	  	  	59.4 	  	  	59.4 	  	  	59.4
326.60 	0.60 	-44.0 	pbd+03 	37.10 	2.70 	pbd+03 	2.3 	0.4 	rus03 	  	  	  	  	78.6 	  	  	78.6 	  	  	78.6
326.60 	-1.00 	-21.0 	rus03 	  	  	  	0.9 	0.3 	rus03 	  	  	  	  	  	  	  	  	  	  	 
327.50 	-0.80 	-37.0 	rus03 	  	  	  	2.8 	0.5 	rus03 	  	  	  	  	  	  	  	  	  	  	 
328.00 	-0.60 	-45.6 	rus03 	  	  	  	3.0 	0.4 	rus03 	  	  	  	  	  	  	  	  	  	  	 
328.10 	-0.80 	-18.5 	rus03 	  	  	  	1.1 	0.3 	rus03 	  	  	  	  	  	  	  	  	  	  	 
328.20 	-2.00 	-25.0 	rus03 	  	  	  	0.8 	0.2 	rus03 	  	  	  	  	  	  	  	  	  	  	 
328.30 	-0.60 	-43.0 	pbd+03 	3.00 	2.70 	pbd+03 	3.3 	0.7 	rus03 	  	  	  	  	43.2 	  	  	43.2 	  	  	43.2
332.10 	-0.40 	-55.0 	pbd+03 	12.00 	2.70 	pbd+03 	3.8 	0.5 	rus03 	  	  	  	  	75.4 	  	  	75.4 	  	  	75.4
332.50 	-0.10 	-53.0 	pbd+03 	2.50 	2.70 	pbd+03 	3.8 	0.5 	rus03 	  	  	  	  	44.7 	  	  	44.7 	  	  	44.7
332.70 	-0.60 	-47.4 	pbd+03 	52.00 	2.70 	pbd+03 	3.8 	0.5 	rus03 	  	  	  	  	122.9 	  	  	122.9 	  	  	122.9
332.80 	-1.40 	-41.0 	pbd+03 	3.50 	2.70 	pbd+03 	3.8 	0.5 	rus03 	  	  	  	  	50.0 	  	  	50.0 	  	  	50.0
332.80 	-0.60 	-57.1 	pbd+03 	16.40 	2.70 	pbd+03 	3.8 	0.5 	rus03 	  	  	  	  	83.7 	  	  	83.7 	  	  	83.7
333.00 	0.80 	-52.0 	pbd+03 	5.00 	2.70 	pbd+03 	3.8 	0.5 	rus03 	  	  	  	  	56.3 	  	  	56.3 	  	  	56.3
333.00 	2.00 	-20.0 	pbd+03 	6.00 	2.70 	pbd+03 	1.7 	0.2 	rus03 	  	  	  	  	35.0 	  	  	35.0 	  	  	35.0
333.10 	-0.40 	-54.5 	pbd+03 	52.00 	2.70 	pbd+03 	3.8 	0.5 	rus03 	  	  	  	  	122.9 	  	  	122.9 	  	  	122.9
333.30 	-0.40 	-50.1 	pbd+03 	60.00 	2.70 	pbd+03 	3.8 	0.5 	rus03 	  	  	  	  	128.9 	  	  	128.9 	  	  	128.9
333.70 	-0.50 	-49.9 	pbd+03 	5.60 	2.70 	pbd+03 	3.8 	0.5 	rus03 	  	  	  	  	58.5 	  	  	58.5 	  	  	58.5
336.50 	-1.50 	-24.9 	pbd+03 	6.00 	2.70 	pbd+03 	1.4 	0.25 	rus03 	  	  	  	  	30.8 	  	  	30.8 	  	  	30.8
338.70 	0.60 	-62.0 	pbd+03 	4.20 	2.70 	pbd+03 	5.2 	1.6 	rus03 	  	  	  	  	65.5 	  	  	65.5 	  	  	65.5
338.90 	0.60 	-63.0 	pbd+03 	11.00 	2.70 	pbd+03 	5.2 	1.6 	rus03 	  	  	  	  	90.3 	  	  	90.3 	  	  	90.3
338.90 	-0.10 	-40.0 	pbd+03 	3.00 	2.70 	pbd+03 	2.7 	0.6 	rus03 	  	  	  	  	37.8 	  	  	37.8 	  	  	37.8
339.10 	-0.40 	-37.0 	pbd+03 	4.00 	2.70 	pbd+03 	2.7 	0.6 	rus03 	  	  	  	  	41.6 	  	  	41.6 	  	  	41.6
340.80 	-1.00 	-24.9 	pbd+03 	18.00 	2.70 	pbd+03 	2.5 	0.4 	rus03 	  	  	  	  	65.3 	  	  	65.3 	  	  	65.3
341.00 	-0.10 	-38.0 	pbd+03 	7.00 	2.70 	pbd+03 	3.4 	1.0 	rus03 	  	  	  	  	58.5 	  	  	58.5 	  	  	58.5
341.30 	-0.30 	-38.0 	pbd+03 	5.60 	2.70 	pbd+03 	3.4 	1.0 	rus03 	  	  	  	  	54.3 	  	  	54.3 	  	  	54.3
343.90 	-4.70 	  	rus03 	  	  	  	2.0 	0.6 	rus03 	  	  	  	  	  	  	  	  	  	  	 
345.00 	1.50 	-14.8 	pbd+03 	91.00 	2.70 	pbd+03 	1.9 	0.25 	rus03 	  	  	  	  	93.3 	  	  	93.3 	  	  	93.3
345.20 	1.00 	-9.2 	pbd+03 	23.10 	2.70 	pbd+03 	1.9 	0.25 	rus03 	  	  	  	  	59.1 	  	  	59.1 	  	  	59.1
345.30 	1.50 	-15.3 	pbd+03 	17.10 	2.70 	pbd+03 	1.9 	0.25 	rus03 	  	  	  	  	53.4 	  	  	53.4 	  	  	53.4
345.40 	1.40 	-14.8 	pbd+03 	42.80 	2.70 	pbd+03 	1.9 	0.25 	rus03 	  	  	  	  	72.6 	  	  	72.6 	  	  	72.6
345.50 	0.30 	-20.0 	pbd+03 	4.70 	2.70 	pbd+03 	2.0 	0.25 	rus03 	  	  	  	  	36.0 	  	  	36.0 	  	  	36.0
345.50 	0.20 	-13.0 	pbd+03 	2.10 	2.70 	pbd+03 	1.9 	0.25 	rus03 	  	  	  	  	26.6 	  	  	26.6 	  	  	26.6
347.70 	1.90 	-19.0 	rus03 	  	  	  	2.0 	0.6 	rus03 	  	  	  	  	  	  	  	  	  	  	 
348.20 	-1.00 	-18.0 	pbd+03 	12.60 	2.70 	pbd+03 	2.9 	0.25 	rus03 	  	  	  	  	64.0 	  	  	64.0 	  	  	64.0
348.20 	0.40 	-12.0 	rus03 	8.30 	5.00 	ch87 	1.3 	0.4 	rus03 	knear 	ch87 	1.8 	6.7 	33.3 	  	  	33.3 	  	  	33.3
348.60 	-0.60 	-19.0 	pbd+03 	17.60 	2.70 	pbd+03 	2.9 	0.25 	rus03 	  	  	  	  	71.5 	  	  	71.5 	  	  	71.5
348.70 	-1.00 	-12.6 	pbd+03 	39.20 	2.70 	pbd+03 	2.9 	0.25 	rus03 	  	  	  	  	93.4 	  	  	93.4 	  	  	93.4
349.80 	-0.60 	-25.8 	pbd+03 	10.40 	2.70 	pbd+03 	2.2 	0.3 	rus03 	knear 	gg76 	3.5 	5.1 	49.9 	  	  	49.9 	  	  	49.9
349.83 	-0.53 	-25.7 	swa+04 	3.50 	4.86 	swa+04 	2.2 	0.3 	rus03 	knear 	swa+04 	3.5 	5.1 	35.4 	  	  	35.4 	  	  	35.4
350.00 	0.20 	-5.0 	rus03 	  	  	  	1.6 	0.5 	rus03 	  	  	  	  	  	  	  	  	  	  	 
350.50 	1.00 	-10.9 	pbd+03 	4.00 	2.70 	pbd+03 	1.9 	0.2 	rus03 	  	  	  	  	32.9 	  	  	32.9 	  	  	32.9
351.00 	0.70 	  	pbd+03 	50.00 	2.70 	pbd+03 	1.9 	0.2 	rus03 	  	  	  	  	76.4 	  	  	76.4 	  	  	76.4
351.20 	0.50 	-7.1 	pbd+03 	21.00 	2.70 	pbd+03 	1.9 	0.2 	rus03 	  	  	  	  	57.2 	  	  	57.2 	  	  	57.2
351.40 	0.70 	-3.1 	pbd+03 	176.00 	2.70 	pbd+03 	1.9 	0.2 	rus03 	  	  	  	  	116.3 	  	  	116.3 	  	  	116.3
351.40 	0.60 	  	pbd+03 	190.00 	2.70 	pbd+03 	1.9 	0.2 	rus03 	  	  	  	  	119.3 	  	  	119.3 	  	  	119.3
351.70 	0.50 	-2.3 	pbd+03 	2.40 	2.70 	pbd+03 	1.9 	0.2 	rus03 	  	  	  	  	27.8 	  	  	27.8 	  	  	27.8
352.40 	2.10 	-7.0 	rus03 	  	  	  	1.0 	0.2 	rus03 	  	  	  	  	40.0 	  	  	40.0 	  	  	40.0
353.00 	0.90 	-4.0 	pbd+03 	37.20 	2.70 	pbd+03 	2.0 	0.25 	rus03 	  	  	  	  	71.7 	  	  	71.7 	  	  	71.7
353.10 	0.40 	-3.3 	pbd+03 	56.70 	2.70 	pbd+03 	2.0 	0.25 	rus03 	  	  	  	  	82.5 	  	  	82.5 	  	  	82.5
353.10 	0.70 	-3.8 	pbd+03 	269.00 	2.70 	pbd+03 	2.0 	0.25 	rus03 	  	  	  	  	138.6 	  	  	138.6 	  	  	138.6
353.20 	0.90 	-4.4 	pbd+03 	145.20 	2.70 	pbd+03 	2.0 	0.25 	rus03 	  	  	  	  	112.8 	  	  	112.8 	  	  	112.8
355.10 	20.90 	4.5 	rus03 	  	  	  	0.2 	0.04 	rus03 	  	  	  	  	  	  	  	  	  	  	 
355.60 	0.80 	6.5 	rus03 	  	  	  	1.2 	0.25 	rus03 	  	  	  	  	  	  	  	  	  	  	 
359.50 	-0.60 	18.0 	rus03 	  	  	  	1.5 	0.2 	rus03 	  	  	  	  	20.0 	1.5 	6.5 	20.0 	  	  	20.0
