8	-0.5	128	10.1
8.2	0.2	20	15.9
8.3	-0.1	48	13.2
8.3	-0.3	16	3.2
8.4	-0.3	37	5.7
8.5	-1	16	3.2
8.7	0.6	22	4
9.3	0.7	15	2.8
9.3	0	31	4.8
9.6	0.8	26	4.2
9.8	-0.75	28	4.4
10	-0.04	32	4.7
10.8	-0.8	29	4.2
11.1	-0.5	34	4.8
11.4	-0.3	49	6.1
11.6	-0.4	32	4.3
11.7	-0.3	47	5.6
11.9	0.8	26	3.6
11.9	-0.1	42	14.4
12	-0.6	35	4.5
12.2	-0.1	23	16.3
12.4	-0.7	25	3.4
12.7	0.7	18	2.5
12.7	-0.1	56	13.6
12.8	-0.2	32	4.1
12.9	0.5	35	4.3
13	0.4	32	4
13	-0.1	47	5.3
13.7	-0.1	48	5.2
13.9	0.9	27	3.3
13.9	0.3	49	5.2
14	-0.1	26	3.2
14	-0.6	18	2.4
14.2	-0.2	39	4.4
14.6	-0.6	37	4.2
15	-0.7	20	2.5
15	0	25	3
15.1	0.9	43	4.6
15.3	0	32	3.6
15.7	-0.2	57	5.4
15.8	-0.6	48	4.8
15.9	-0.6	19	2.2
15.9	0.3	19	2.2
15.9	-1	58	5.5
16.2	-0.8	56	5.3
16.25	-0.05	48	14.5
16.3	0.4	28	3.1
16.5	0.4	38	3.9
16.65	-0.05	59	5.4
16.7	-0.45	43	4.3
16.8	0.4	22	2
16.8	0.1	30	15.9
16.9	0.3	24	2.6
17.2	-0.2	43	14.9
17.3	-0.9	46	4.4
17.7	0.3	22	2.4
17.7	0.1	41	15.1
18.15	-0.3	54	4.9
18.65	0.3	21	16.8
18.85	0.05	50	14.4
18.85	-0.5	66	5.6
19.2	-0.3	33	15.7
19.25	0.05	26	2.6
19.5	0	26	2.2
19.6	-0.05	58	4.9
19.65	-0.65	55	4.8
19.7	0.1	26	16.3
19.8	-0.45	69	5.6
19.9	-0.55	44	4
20.55	-0.45	67	13.3
20.7	-0.3	63	13.6
20.75	-0.1	59	13.8
20.75	0.1	77	6
20.85	0	30	15.9
20.9	-0.3	68	5.4
21.35	0.35	8	0.8
21.4	-0.65	55	4.6
21.4	0	75	12.8
21.5	0.25	77	5.9
21.75	0	67	5.3
21.9	-0.35	82	12.4
22.05	0.2	50	4.2
22.1	-0.2	53	4.4
22.35	0.1	85	12.2
22.4	0.3	84	12.2
22.55	-0.05	115	8.5
22.55	-0.2	77	12.6
22.75	-0.25	109	9.2
22.8	0.4	92	11.7
22.85	0.4	114	8.4
23	-0.1	78	5.9
23	-0.1	78	12.6
23	-0.4	74	12.8
23	0	81	12.4
23.1	0.6	38	3.2
23.3	-0.3	64	4
23.4	-0.25	102	11
23.5	-0.4	73	5.5
23.55	0.2	82	12.3
23.7	0.5	82	6.1
23.8	0.1	98	7.1
23.95	0.15	79	5.8
24.2	-0.05	88	11.9
24.4	-0.25	60	13.6
24.45	-0.8	56	4.3
24.45	0.25	120	9.1
24.45	-0.5	44	3.5
24.5	0.2	38	15.1
24.5	-0.15	44	3.5
24.5	-0.7	47	3.7
24.5	-0.25	101	10.9
24.55	-0.5	61	4.8
24.6	-0.15	83	12.1
24.65	-0.1	114	9.1
25.2	0.15	105	9.1
25.25	0.3	47	14.4
25.3	-0.5	55	13.9
25.45	-0.2	65	13.2
25.45	-0.2	120	9
25.55	-0.4	116	9
25.65	-0.1	94	11.5
25.7	-0.15	109	9
25.8	0.45	48	3.7
25.8	0.25	109	9
25.9	0.2	69	5.1
25.9	-0.15	107	9
25.95	-0.6	63	4.7
26.2	0.1	71	5.2
26.35	0.8	47	3.6
26.5	-0.6	67	4.9
26.55	-0.3	108	8.9
26.6	0	26	15.8
26.65	0	100	9.6
26.65	0	112	8.9
26.7	0.5	86	6.2
26.9	0.1	91	6.5
26.95	-0.4	69	5
26.95	-0.1	81	5.8
27.05	-0.15	101	8.9
27.25	0.15	33	15.2
27.3	-0.3	72	5.2
27.35	-0.15	93	6.6
27.5	0.2	36	15
27.5	0.15	95	10.9
27.65	0.1	83	5.9
27.75	0.1	101	8.9
28.2	-0.05	95	10.8
28.3	-0.35	47	3.5
28.3	-0.1	81	5.8
28.6	0.05	100	8.8
28.6	0.2	79	11.9
28.8	-0.1	80	5.7
28.85	-0.25	88	6.3
28.95	-0.65	51	3.8
29	0.05	98	8.8
29.1	-0.3	94	7.1
29.35	-0.45	77	5.4
29.35	-0.55	64	4.6
29.55	0.2	79	5.6
29.6	-0.6	75	12.1
29.85	-0.05	100	8.7
29.9	0.1	40	14.4
29.9	-0.8	83	5.9
30.3	-0.25	105	8.6
30.4	0.45	45	3.3
30.55	0.35	95	8.6
30.6	-0.05	43	14.1
30.6	-0.45	94	10.3
30.6	-0.1	115	8.6
30.8	-0.05	92	6.8
30.85	-0.15	53	3.9
30.9	-0.6	102	8.6
30.95	0.1	40	14.2
30.95	0.4	77	5.5
31	0	48	13.7
31.3	0	79	5.6
31.4	0	39	14.2
31.4	-0.25	88	10.7
31.45	0.05	104	8.5
31.95	-0.3	97	8.5
32	0	98	8.5
32.45	0.2	51	13.3
32.6	-0.25	90	10.3
33.35	-0.55	92	8.4
33.4	0	75	11.4
33.45	-0.1	87	10.3
33.65	0.2	42	13.6
33.8	-0.2	48	13.2
33.85	0	89	10
33.9	0.1	106	8.3
34.15	-0.1	89	8.3
34.25	0.1	53	3.7
34.35	-0.85	13	0.9
34.4	-0.2	53	3.7
34.65	-0.8	55	3.9
34.7	-0.7	46	3.3
34.8	-0.15	76	5.6
35.05	0.3	51	3.6
35.15	-0.75	35	3.3
35.2	-0.1	13	0.9
35.75	0.15	82	10.2
35.8	-0.2	29	2
35.95	-0.5	58	4.1
36.1	0.65	77	5.6
36.3	-0.1	57	12.1
36.4	-0.1	52	3.6
36.5	-0.15	77	5.9
36.9	-0.05	80	5.9
37.35	0.25	88	8.6
37.45	0.1	41	3
37.75	-0.2	60	11.6
38.25	-0.15	65	11.1
38.9	0.4	32	2.2
38.95	-0.45	42	2.9
39.85	-0.2	57	11.3
40.3	-0.45	74	5.7
41	-0.2	38	2.7
41.15	-0.2	60	10.7
41.9	-0.4	59	10.6
42.15	-0.6	67	5.4
42.35	-0.05	58	10.5
42.75	-0.35	59	4.6
43.1	0.05	12	13.8
43.2	-0.5	57	4.4
44.35	-0.2	64	9.2
45.45	0.05	58	9.5
46	0.2	25	1.8
46.3	-0.2	59	9.1
47.05	0.25	55	9.3
48.6	0.25	10	12.5
48.6	0	20	11.8
48.85	0.15	51	6.6
49.5	-0.4	57	6.6
49.75	-0.55	68	6.5
50.05	0.6	-2	13
50.2	-0.5	45	3.6
50.85	0.25	43	3.6
51.35	-0.05	54	6.3
52.1	-0.3	59	6.1
52.3	-0.05	52	6.1
52.55	-0.95	64	6.1
53.15	-0.25	61	6
53.55	0.05	23	1.8
54.1	-0.05	40	8.2
54.65	0.8	31	9
55.3	0.2	30	9
55.7	0	36	5.6
56.8	1.9	-54.6	14.4
59.3	-0.2	28	2.7
59.9	1.5	-65	14.9
60	0.1	22	8
60.9	-0.1	23	7.5
61.5	0.1	22	7.4
63.1	0.4	20	7
63.5	0	-9.7	8.49
65.5	1.4	-72.2	12
65.95	0.85	-63	12
66.45	1.75	-60.9	12
66.7	1.45	-69.1	12
67	1.15	-68	12
67.5	1	-51.1	12
68.16	0.9	-63.9	12
68.19	1.24	-60.9	12
68.2	0.9	-63.4	12
68.3	1.25	-62.6	12
68.37	1.26	-64	12
68.56	1.22	-61.9	12
69	0.8	-62.3	12
69.3	0.85	-63	12
69.44	1.39	-67.7	12
69.74	1.46	-64.2	12
69.83	1.27	-60.6	12
69.85	1.5	-63.6	12
69.85	1.01	-57.3	12
69.9	0.95	-65.3	12
69.92	1.5	-63.8	12
70.01	1.04	-63.6	12
70.02	1.17	-67.1	12
70.05	1.15	-66.5	12
70.16	1.17	-66.9	12
70.16	1.29	-64.8	12
70.3	1.12	-65.7	12
70.33	0.96	-62.9	12
70.4	0.5	-70.8	12
70.4	0.9	-62.6	12
70.53	1.15	-59.2	12
70.9	0.55	-71	12
71.1	-0.4	10	1.4
74.1	1.5	-36.2	8.4
75	1.9	-79.2	13.1
76.2	0.1	-2	5.1
76.3	-0.7	-1	4.9
77.2	0.7	2	4.1
78	-0.3	-4	4.8
78.1	-0.8	0	4.1
78.2	0.1	11	2
78.8	1.7	-76	11.8
78.8	-0.5	-1	4.1
79.2	0.1	8	1.9
79.6	-0.6	4	2.5
80.1	1.9	-72.1	11.2
80.7	0.7	-1	3.5
80.8	-0.5	-3	3.8
81.2	1	13	1.5
81.4	0.7	-2	3.5
81.4	0	-4	2
81.7	0.6	-2	2
82	-0.4	5	1.4
83.3	1.9	-72.3	10.6
83.5	-1	2	1.1
84.6	0.2	-1	2
84.7	1.7	-83	11.4
85	2.4	-51	7.8
85	2.4	-82.8	11.5
85.4	0	-38	7.1
86	0.5	-16.8	4.18
88.4	1.9	-63.7	8.6
88.8	1.9	-60.6	8.3
89.9	1.3	-71	9.2
91	-0.5	-24.6	4.25
91	-1	-36.3	5.46
92.9	1.9	-87.7	10.4
93.2	1.7	-71.2	9
103	2	-18.3	2.31
106.16	0.99	-60.7	6.33
106.21	1.47	-22.38	2.5
106.27	-0.01	-56.36	5.86
106.36	1.34	-25.49	2.8
106.44	0.41	-55.63	5.77
106.48	0.9	-54.17	5.61
106.51	1.09	-60.92	6.33
106.59	1.01	-61.62	6.4
106.61	1.02	-11.89	1.42
106.89	-1.03	-37.89	3.96
106.98	5.26	-8.53	1.05
107.16	0.67	-52.78	5.42
107.17	0.01	-50.58	5.19
107.17	4.52	-6.33	0.79
107.23	-0.93	-41.58	4.29
107.36	0.15	-50.66	5.19
107.4	-0.14	-50.69	5.19
107.44	0.5	-50.76	5.19
107.66	-2.27	-55.19	5.65
107.81	0.74	-52.2	5.32
108.03	1.04	-57.45	5.86
108.36	0.43	-47.77	4.83
108.47	-2.85	-53.7	5.44
108.54	-1.02	-51.98	5.25
108.63	-0.17	-50.32	5.07
108.64	0.73	-54.88	5.54
108.71	-1.13	-50.13	5.05
108.73	-2.63	-55.66	5.63
108.76	2.7	-11.11	1.25
108.77	1.34	-7.58	0.88
108.78	-0.83	-49.71	5
108.87	-0.92	-50.34	5.06
108.89	0.32	-52.61	5.29
108.96	-0.34	-48.07	4.83
108.97	0.31	-56.09	5.65
109.02	-0.25	-47.12	4.73
109.11	-0.86	-48.82	4.89
109.32	0.25	-55.48	5.57
109.35	-0.37	-56.85	5.71
109.37	0.39	-53.93	5.4
109.5	6.5	-9.2	1.03
109.56	1.62	-52.63	5.26
109.62	-1.34	-48.13	4.8
109.64	1.94	-56.86	5.7
109.79	1.99	-60.65	6.11
109.86	-1.29	-34.33	3.43
109.88	2.85	-81.29	8.63
109.89	1.87	-59.7	6
109.89	3.05	-65.17	6.62
109.96	0.46	-53.91	5.37
109.97	-0.24	-52.7	5.24
109.99	0.87	-52.39	5.21
110	0	-52.1	5.18
110.05	-0.17	-50.46	5
110.05	1.78	-5.57	0.63
110.22	2.51	-63.59	6.42
110.24	0.03	-52.32	5.19
110.26	1.06	-53.87	5.35
110.28	-0.94	-39.17	3.87
110.32	1.26	-56.9	5.67
110.32	3.45	-71.96	7.41
110.34	-0.63	-36.62	3.62
110.36	3.63	-74.11	7.68
110.4	-0.51	-45.5	4.49
110.44	1.63	-59.45	5.94
110.45	-1.65	-48.8	4.82
110.51	1.03	-51.8	5.12
110.56	0.18	-45.9	4.52
110.58	-0.08	-53.52	5.29
110.6	-2.16	-37.41	3.69
110.64	-0.92	-48.08	4.73
110.65	-0.69	-51.27	5.06
110.66	-0.33	-52.02	5.13
110.71	2.57	-68.5	6.97
110.72	-0.6	-49.34	4.86
110.74	0.23	-57.45	5.7
110.77	-2.71	-34.75	3.43
110.77	1.89	-52.98	5.23
110.8	0.4	-52.19	5.14
110.88	1.88	-10.46	1.11
110.89	-0.29	-55.63	5.5
110.93	1.59	-50.65	4.98
110.94	-0.04	-52.05	5.12
110.95	0.61	-50.59	4.97
110.98	-2.86	-37.11	3.65
110.99	-0.99	-45.1	4.42
111.02	2.42	-47.11	4.62
111.03	3.01	-40.3	3.95
111.09	-2.34	-47.82	4.69
111.17	-1.03	-43.1	4.21
111.19	0.6	-49.22	4.82
111.2	-2.25	-52.54	5.17
111.2	-0.84	-52.98	5.21
111.2	3.21	-71.61	7.33
111.22	-2.26	-49.77	4.88
111.23	1	-57.96	5.73
111.27	2.3	-49.26	4.83
111.28	-1.44	-39.84	3.89
111.3	-0.59	-48.54	4.74
111.32	-0.68	-45	4.39
111.32	3.36	-65.79	6.63
111.37	0.46	-50.58	4.95
111.38	-1.55	-36.27	3.54
111.4	-2.6	-36.77	3.59
111.43	-2.64	-46.59	4.55
111.44	1.13	-49.67	4.85
111.45	1.23	-47.21	4.6
111.49	0.73	-53.81	5.28
111.49	1.28	-46.17	4.5
111.5	-3	-41.7	4.07
111.5	2	-10.5	1.1
111.57	-2.73	-39.52	3.85
111.61	-2.69	-37.91	3.69
111.64	1.32	-43.43	4.22
111.67	-2.29	-47.11	4.59
111.68	3.17	-68.98	6.99
111.7	0.01	-30.14	2.94
111.7	2.61	-56.17	5.53
111.7	4.2	-29.53	2.9
111.71	2.48	-54.7	5.37
111.84	1.87	-51.99	5.08
111.89	-2.73	-36.9	3.58
111.9	2.77	-78.4	8.18
111.92	0.93	-50.11	4.87
112.05	2.35	-46.01	4.46
112.07	2.14	-52.67	5.14
112.09	2.75	-54.64	5.35
112.13	2.39	-78.74	8.21
112.17	-2.3	-37.65	3.64
112.18	-1.86	-45.14	4.36
112.2	5.21	-52.7	5.17
112.22	-2.54	-44.53	4.31
112.27	-1.08	-42.56	4.1
112.31	2.5	-78.14	8.13
112.62	-0.78	-33.14	3.18
112.73	2.7	-16.19	1.6
112.86	-0.69	-35.33	3.38
112.9	0.34	-52.42	5.07
112.99	-2.18	-34.98	3.34
113.03	-1.52	-30.52	2.92
113.46	0.94	-59.37	5.8
113.49	1.61	-12.09	1.19
113.6	-0.9	-49.25	4.71
113.7	-0.62	-43.19	4.1
113.87	-0.19	-38.59	3.64
114.09	-0.58	-36.19	3.41
114.12	-1.15	-32.95	3.1
114.16	2.04	-65.99	6.54
114.2	2.66	-51.63	4.95
114.21	-0.98	-31.87	3
114.24	0.33	-53.87	5.17
114.33	0.79	-101.15	12.35
114.41	3.21	-69.82	7.01
114.47	-0.89	-46.94	4.44
114.48	2.22	-64.34	6.34
114.54	2.88	-57.11	5.52
114.56	2.91	-72.09	7.3
114.57	-0.19	-37.56	3.52
114.58	-0.42	-49.68	4.72
114.89	3.81	-22.32	2.1
114.93	3.18	-64.42	6.35
114.98	4.88	-18.27	1.73
115.02	1.05	-13.06	1.24
115.14	-1.51	-40.54	3.79
115.26	3.62	-60.99	5.95
115.38	2.06	-10.95	1.04
115.58	3.97	-24.83	2.31
115.71	-1.66	-40.16	3.73
115.82	3.81	-67.34	6.69
116.02	1.65	-8.08	0.77
116.07	4.19	-68.23	6.81
116.14	-1.63	-42.87	3.98
116.16	-0.67	-45.04	4.19
116.34	0.65	-45.85	4.27
116.58	-2.97	-36.61	3.37
116.94	-2.24	-44.51	4.12
117.1	-2.42	-37.92	3.47
117.15	4.78	-7.47	0.7
117.19	5.06	-73.29	7.48
117.26	-0.26	-48.23	4.49
117.43	1.12	-61.56	5.94
117.6	2.32	-45.17	4.17
117.61	0	-46.51	4.3
117.72	3.15	-17.43	1.58
118	5	-14.02	1.27
118.12	1.58	-92.5	10.41
118.46	1.2	-61.22	5.89
118.57	3.62	-5.59	0.51
118.62	2.78	-63.24	6.15
118.66	-0.38	-50.16	4.66
118.68	-1.33	-39.03	3.53
118.73	2.9	-67.77	6.71
118.77	3.13	-69.33	6.92
118.9	3.19	-20.17	1.79
119.18	-0.89	-32.94	2.94
119.22	1.71	-62.46	6.04
119.41	1.53	-61.6	5.93
119.42	0.74	-53.88	5.05
119.51	0.39	-50.22	4.65
119.58	3.22	-46.78	4.3
119.6	1.25	-61.49	5.92
119.64	-0.5	-50.36	4.66
119.92	1.95	-68.14	6.75
120.12	-0.18	-49.32	4.54
120.13	1.45	-65.26	6.38
120.13	3.46	-68.99	6.89
120.26	2.89	-18.98	1.66
120.28	2.12	-50.03	4.62
120.3	2.85	-67.89	6.74
120.39	0.13	-48.06	4.41
120.42	3.63	-71.72	7.26
120.48	1.11	-60.01	5.74
120.49	1.78	-62.67	6.07
120.52	3.65	-38.62	3.47
120.7	4.2	-11.55	1.01
120.77	4.98	-9.58	0.84
120.79	-0.38	-46.18	4.21
120.8	1.1	-63.7	6.2
120.87	1.08	-64.45	6.29
120.93	1.15	-62.64	6.06
121.02	-1.39	-19.65	1.7
121.05	-0.22	-47.23	4.31
121.46	0.78	-59.76	5.71
121.52	3	-67.98	6.77
121.54	3.85	-40.17	3.6
121.69	-0.94	-44.7	4.04
121.96	4.1	-67.94	6.79
122	0	-17.6	1.51
122	3.68	-5.06	0.43
122.13	3.18	-61.28	5.92
122.14	-1.37	-13.85	1.18
122.18	3	-60.12	5.78
122.2	-0.87	-42.3	3.79
122.22	2.7	-60.53	5.83
122.26	4.08	-68.55	6.88
122.45	2.62	-55.17	5.19
122.52	1.66	-58.86	5.62
122.53	1.55	-57.22	5.42
122.56	1.74	-96.25	11.6
122.59	-0.62	-19.09	1.63
122.63	2.51	-66.57	6.6
122.8	2.89	-63.95	6.27
122.9	1.36	-55.75	5.25
122.96	3.14	-10.27	0.87
123.06	-6.31	-30.4	2.2
123.06	-0.78	-44.77	4.04
123.24	3.07	-63.79	6.26
123.45	3.21	-61.5	5.97
123.5	2	-66.4	6.4
123.62	-1.36	-21.23	1.8
123.68	2.86	-63.72	6.26
123.94	-0.12	-44.03	3.96
124.01	1.93	-51.53	4.78
124.12	-0.18	-44.61	4.02
124.26	-0.17	-46.45	4.21
124.28	0.22	-43.59	3.91
124.33	0.5	-46.07	4.17
124.39	1.98	-71.98	7.42
124.6	2.54	-86.91	10.43
124.6	3.15	-11.01	0.92
124.61	2.5	-87.43	10.07
124.78	2.93	-61.85	6.05
124.94	-0.16	-42.01	3.75
125.08	0.78	-67.75	6.84
125.29	0.58	-65.85	6.58
125.58	2.07	-53.78	5.06
125.78	1.66	-65.47	6.55
126.03	4.37	-7.92	0.65
126.4	-0.79	-11.86	0.97
126.43	-0.24	-57.89	5.57
127	-1	-11.8	0.96
127.52	1.86	-80.95	9.19
127.7	-0.11	-49.78	4.62
127.87	1.17	-59.33	5.81
128.3	1.75	-48.24	4.47
128.55	-0.27	-14.33	1.17
128.62	1.22	-51.83	4.9
128.66	1.45	-54.3	5.2
128.76	1.94	-82.04	9.57
128.81	1.33	-83.16	9.8
128.82	0.06	-32.89	2.84
128.99	-0.16	-36.78	3.23
129.16	0.62	-38.81	3.44
129.2	-0.37	-37.55	3.31
129.39	-0.26	-34.45	3
130.07	5.08	-14.09	1.15
130.59	1.83	-44.61	4.11
130.66	0.22	-60.08	6.07
131.79	-0.7	-53.83	5.29
131.86	1.33	-78.76	9.43
132.19	-0.88	-55.4	5.52
132.54	-1.62	-37.55	3.38
133	0.9	-43	2.5
133.29	0.81	-48.12	4.63
133.37	-0.08	-15.57	1.27
133.37	1.25	-40.68	3.74
133.39	1.01	-42.43	3.95
133.41	0.25	-50.53	4.95
133.47	0.02	-48.27	4.66
133.5	9	-15.7	1.31
133.67	0.62	-44.55	4.21
133.7	1.2	-40.9	2.5
133.79	1.26	-39.31	3.6
133.9	0.4	-47.6	2.5
133.9	1.31	-45.17	4.3
134.01	0.65	-48.42	4.71
134.01	0.6	-46.59	4.48
134.1	0.8	-48.4	2.5
134.29	-1.85	-49.09	4.82
134.42	-1.62	-47.62	4.63
134.45	-0.14	-13.81	1.12
134.48	2.2	-30.92	2.72
134.72	-0.68	-42.9	4.06
134.84	1.41	-40.94	3.83
134.91	1.59	-39.22	3.63
135.16	-0.06	-45.02	4.34
135.24	-0.38	-41.78	3.95
135.27	1.06	-45.42	4.4
136.3	0.19	-57.26	6.16
136.34	-1.72	-10.78	0.87
136.34	0.85	-74.35	9.44
136.5	1.2	-36.4	2.5
136.62	0.34	-56.8	6.13
136.7	1.23	-36.88	3.44
136.79	0.44	-59.57	6.61
136.88	0.26	-56.82	6.16
136.92	1.16	-40.47	3.87
137	1.3	-38.5	2.5
137.15	3.13	-50.96	5.31
137.22	1.36	-40.13	3.85
137.35	1.8	-38.36	3.64
137.7	1.5	-38.9	2.5
137.72	-0.71	-45.39	4.56
137.72	4.18	-9.85	0.8
137.76	-0.97	-103.73	21.6
137.95	1.72	-42.72	4.22
138	4	-9.8	0.8
138	2.5	-11.8	0.97
138.29	2.42	-12.6	1.04
138.38	-2.14	-46.63	4.79
138.5	1.6	-38.7	2.5
138.52	-0.81	-45.75	4.67
138.58	1.74	-37.92	3.66
138.66	5.16	-15.38	1.3
139.2	1	-39.6	2.5
139.22	2.71	-51.19	5.56
139.24	-2.57	-13.87	1.16
139.24	1.01	-39.86	3.94
139.31	-2.05	-48.73	5.18
139.36	2.87	-53.02	5.87
139.41	-0.4	-37.07	3.59
139.42	-1.5	-49.59	5.32
139.53	-2.81	-15.26	1.29
139.72	-0.56	-39.45	3.92
139.9	0.22	-40.16	4.02
139.91	2.61	-50.8	5.58
140.27	2.11	-12.63	1.06
140.27	1.52	-15.42	1.31
140.27	3.48	-9.92	0.82
140.41	4.38	-13.06	1.11
140.46	0.8	-36.46	3.58
140.6	-0.1	-39.2	2.5
140.6	0.7	-37.9	2.5
140.68	4.94	-14.22	1.22
140.73	-0.98	-38.56	3.87
140.73	0.82	-38.44	3.86
140.77	-0.16	-41.09	4.21
140.85	-0.82	-40.95	4.2
140.9	-1.1	-40.4	2.5
141	5.5	-11.1	0.94
141.46	-1.18	-40.79	4.23
141.5	-1.2	-40.8	2.5
142	1	-15.7	1.37
143.8	-1.5	-32.2	2.5
145.2	2.99	-58.39	8.59
145.3	-0.25	-67.6	11
145.4	-0.1	-70.6	12
146.95	0.8	-67.3	12
148.9	0.9	-59.6	10
150.15	1.1	-55.9	10
151.23	1.02	-53.86	9.91
151.5	-1	-30.6	3.82
154	-2	-14.4	1.63
154.35	2.61	-35.8	6
154.64	2.45	-38.7	6
156.89	0.21	-47.44	11.33
173.71	2.7	-17.4	1.8
189.03	0.78	2.9	1.5
190.05	0.53	8.4	1.5
194	-0.5	20.9	5.9
194.25	-0.5	20	5.4
194.5	-1.26	14.4	3.2
194.5	-1	22.6	6.4
195.5	0	20.4	4.9
195.75	-0.13	32.6	11
196	0.5	20.2	4.6
196.45	-1.68	17.7	3.8
196.83	-3.1	25.3	4.8
197	0.75	19.6	4
203	1	32.4	5.7
204.5	-0.5	26.8	4
204.63	0.13	45.7	9.3
205	0.75	33.3	5.3
205.25	0	20.7	2.7
206	-0.5	20.7	2.6
207.5	0.25	34.4	4.9
207.75	1	39.5	6
208.5	0.75	39.2	5.7
208.75	-1.75	51.1	8.9
209.5	-1.25	24.9	2.9
209.5	-1	44.9	6.9
209.5	0.5	29.8	3.7
210	-2.25	22.2	2.5
210	-0.75	35	4.6
210.13	-1.75	39.8	5.5
210.13	-1.5	37.8	5.1
210.38	0	35.9	4.7
211.04	1.18	54.29	8.88
211.25	-1.75	42.2	5.8
211.25	-1	43.8	6.1
211.25	-0.5	21.7	2.4
211.5	1	45.4	6.4
212.25	-1	27.5	3.1
212.25	-1	44.3	6
213	1.25	42.9	5.5
213.25	-2	37.1	4.5
214	0.75	44.1	5.6
214.5	-1.75	27.6	2.9
214.5	1	46	5.9
215	1	47.6	6.1
215.25	-0.25	29.2	3.1
215.5	-2.25	43.4	5.2
215.5	0.25	48.7	6.2
215.75	1.25	50.7	6.5
216	0.5	45.7	5.5
216.25	0	28.2	2.9
216.5	0.5	46.7	5.7
216.5	1.25	48	5.9
216.5	-2.5	22.8	2.14
216.75	-1	31.3	3.3
217	0.5	50.9	6.3
217.13	-0.13	53.8	6.9
217.25	0	26.7	2.7
217.25	0	27.7	2.8
217.38	-1.38	50.5	6.2
217.38	0.25	50.5	6.2
218	-0.25	27.7	2.7
218	0.25	22.8	2.2
218.25	-2	26.3	2.6
218.25	-2	32.3	3.3
218.75	-0.5	56.1	7
218.75	-0.5	59.6	7.8
219	-1.88	31.3	3.1
219.75	-2	30.9	3
220.25	-2	33.8	3.4
221.75	0.25	63.8	8
222.5	-0.25	51.3	5.6
222.75	-2	39.7	4
223.75	-2	63.2	7.5
224	-2	17.6	1.47
228	-1	36.5	3.4
229.75	-2.5	41.3	3.9
230	-1	39.2	3.7
230.25	-2.75	42	4
231.13	0	43.4	4.1
231.5	-1	43.1	4.1
232	0.13	57.2	5.8
232	-2.5	42.3	3.81
232.25	-1	44.6	4.2
232.75	-3.25	40.6	3.8
233	-1	47	4.5
233	-0.75	45.6	4.3
233	0	18.9	1.57
233.25	-1.75	51.6	5
234	-0.25	43.7	4.1
234.25	-0.88	76.3	8.6
234.5	-0.25	43.4	4.1
235	0.5	47.9	4.6
235.38	-1.75	80.8	9.3
235.5	0.75	48.3	4.6
235.75	-1.5	52.6	5.1
236.38	-1.75	77.6	8.6
236.38	-1.5	29.2	2.6
236.75	-0.5	56.6	5.6
237	-2	23.2	2.1
237.13	-2.38	57.1	5.6
237.25	-1.25	74.4	8
237.5	-0.25	55.9	5.5
237.75	-1	22.4	2
238.38	-3.25	65.2	6.7
239.13	-3.5	23	2.1
239.13	-1.88	83	9.4
239.5	-1.88	79.9	8.8
240.25	-1.75	23.9	2.2
240.25	0	68.1	7
240.25	0.5	68.7	7.1
241	-1.25	66.1	6.8
241.75	-0.63	68.4	7.1
242	-0.88	66	6.7
242.25	-2.75	21.5	2
242.25	-2.75	26.2	2.4
242.25	0.13	69.8	7.2
242.63	0.13	71.9	7.5
242.88	-0.5	64.3	6.5
242.88	0	55.8	5.5
243	-3	22.2	2.1
243.25	-0.75	66.9	6.9
244.25	-2.5	70.4	7.3
244.5	-2	92.6	10.8
244.75	-0.25	62.5	6.3
246.75	-0.5	21.4	2.1
247.75	-0.75	29.9	3
248	0.5	27	2.7
249.5	-3.88	89.9	10.2
249.88	-3.13	98	11.6
250.38	-1	66.4	7
250.63	-3.63	89.6	10.2
251.25	-2	54.8	5.7
252	-3.5	8.5	1
252	-3.5	15	1.68
252.08	-4.24	95.14	11.22
253	-2.93	99.6	11.5
253	-1.5	5.9	0.74
253.23	-2.73	98.9	11.3
253.53	-3.17	107.2	12.8
253.63	0	34.7	3.8
253.75	0	34.6	3.8
254.25	-2.25	36.1	4
254.25	-1	76.6	8.5
255.25	-1	80.1	9
255.38	-0.75	86	9.9
255.47	-3.93	108.7	13.2
255.75	-1	35.7	4.1
256	-2.5	9.8	1.31
256.12	-1.5	87.5	10.1
256.72	-2	44.4	5
257	-0.5	53	6
257.37	-1.1	90.9	10.3
257.5	-2.38	93.1	11.1
257.5	-2	41.5	4.8
257.5	-0.25	55.5	6.3
257.53	-2.33	94.8	10.9
257.57	-2.07	91.3	10.4
257.83	-2.63	91.1	10.4
258.4	-2.93	100.9	11.9
258.5	-1.5	67.2	7.7
258.5	-1	81.2	9.4
258.6	-3.87	105.1	12.7
258.93	-1.03	90.6	10.4
259	-1.75	58.5	6.7
259.25	-2.5	54.5	6.3
259.37	-1.9	95.8	11.2
259.75	-1.25	62.9	7.3
259.83	-1.57	94.2	11
260	0	60.7	7.1
260.07	-1.53	91.7	10.7
260.5	-0.75	57.2	6.7
260.63	0.38	55.3	6.5
260.75	-2.5	64.1	7.5
261	-0.75	70	8.3
261	-2.5	13.7	2.1
261.27	-5.03	102.2	12.4
261.4	-2	102.9	12.5
261.5	-1.25	55.4	6.6
261.8	-3.03	103	12.5
261.83	-1.47	101.4	12.3
262.17	-2.2	98.6	11.9
262.25	-2	59.7	7.2
262.75	-0.5	59.9	7.3
263	-2.5	62.1	7.5
263.6	-4	111	14.1
264	-1.5	29.4	4.2
265	-1.5	29.4	4.3
265	0	47.1	6.2
265.25	-1.25	65.9	8.3
265.5	-1.5	27	4.1
265.53	-2	90.8	11.1
266.5	-3	65.5	8.3
266.5	-2	24.2	4
266.75	-2	57.6	7.5
266.75	-0.75	31.2	4.7
267	-0.75	19.2	3.5
267.25	-2	18.1	3.4
268.5	-2.5	62.6	8.3
269	-1.25	62.1	8.3
269	-0.5	42.5	6.2
269	-0.5	46.6	6.7
269.25	-1.75	79.1	10.4
269.88	-0.13	74.9	10
270.9	-0.5	52	6.8
279.9	-1.6	35	7.1
281.4	-1.1	-5	3.2
282	-0.8	17	6.1
282.9	1.3	-19	2.2
282.9	-0.7	-5	3.2
283.8	0	-5	4
284.5	-0.2	12	6.6
285.3	0	0	5.3
286	0	-20.2	2.34
286.4	-0.3	14	7.5
287.5	-0.5	-19	2.7
287.53	0.97	-4.2	2.6
287.6	8	-27.8	2.6
288.6	1.5	-22	3.2
288.8	1.07	-16.9	2.6
289	-0.5	20.2	7.67
289.3	-0.6	22	7.9
290.2	-0.2	-1	6.8
290.6	-0.2	15	8.7
291.5	-1.5	-25.4	3.12
291.6	-0.4	15	7.2
291.6	-0.5	29	10.3
292.6	-0.3	4	8.1
293.3	-1.4	-25	2.4
294	-0.9	32	11.3
294.4	-0.7	-3	8
295.1	-0.8	26	11
297.4	-0.5	22	11.2
297.5	-0.5	25.4	10.14
298.6	0.1	-35	4.7
298.8	-0.2	25	12
299.4	-0.1	-6	9.4
299.5	-0.5	-39.7	4.19
300.3	-0.2	31	12.9
300.6	-0.2	10	11.1
301.8	0	24	12.7
302.3	-0.7	32	13.6
303.9	-0.4	29	13.7
306.9	-0.5	25	14.2
308	-0.7	32	15.1
311.3	-0.3	27	15.5
313.2	-0.3	42	17.6
314	-0.1	28	16.4
315.3	-0.3	14	15.4
318	-0.3	30	17.6
320.5	-0.5	26	17.8
325.3	-0.1	28	19.3
328.5	-0.1	30	20.4
335.5	-0.5	27	22
