   15.000000000000000        149.30000000000001     
   16.000000000000000        140.30000000000001     
   17.000000000000000        132.09999999999999     
   18.000000000000000        129.30000000000001     
   19.000000000000000        124.80000000000000     
   20.000000000000000        123.30000000000000     
   21.000000000000000        121.00000000000000     
   22.000000000000000        115.30000000000000     
   23.000000000000000        115.00000000000000     
   24.000000000000000        136.50000000000000     
   25.000000000000000        132.30000000000001     
   26.000000000000000        112.50000000000000     
   27.000000000000000        106.40000000000001     
   28.000000000000000        105.70000000000000     
   29.000000000000000        105.90000000000001     
   30.000000000000000        108.70000000000000     
   31.000000000000000        132.30000000000001     
   32.000000000000000        107.00000000000000     
   33.000000000000000        103.80000000000000     
   34.000000000000000        102.40000000000001     
   35.000000000000000        96.599999999999994     
   36.000000000000000        89.000000000000000     
   37.000000000000000        89.000000000000000     
   38.000000000000000        88.000000000000000     
   39.000000000000000        86.400000000000006     
   40.000000000000000        77.299999999999997     
   41.000000000000000        76.200000000000003     
   42.000000000000000        72.099999999999994     
   43.000000000000000        74.200000000000003     
   44.000000000000000        69.500000000000000     
   45.000000000000000        67.400000000000006     
   46.000000000000000        66.200000000000003     
   47.000000000000000        67.599999999999994     
   48.000000000000000        67.599999999999994     
   49.000000000000000        66.700000000000003     
   50.000000000000000        65.400000000000006     
   51.000000000000000        63.700000000000003     
   52.000000000000000        63.100000000000001     
   53.000000000000000        62.799999999999997     
   54.000000000000000        54.299999999999997     
   55.000000000000000        45.600000000000001     
   56.000000000000000        45.399999999999999     
   57.000000000000000        40.000000000000000     
   58.000000000000000        39.899999999999999     
   59.000000000000000        38.799999999999997     
   60.000000000000000        36.200000000000003     
   61.000000000000000        33.500000000000000     
   62.000000000000000        30.699999999999999     
   63.000000000000000        40.899999999999999     
   64.000000000000000        25.600000000000001     
   65.000000000000000        24.899999999999999     
   66.000000000000000        20.300000000000001     
   67.000000000000000        24.100000000000001     
   68.000000000000000        15.199999999999999     
   69.000000000000000        16.399999999999999     
   70.000000000000000        14.100000000000000     
   71.000000000000000        11.800000000000001     
   72.000000000000000        11.500000000000000     
   73.000000000000000        11.300000000000001     
   74.000000000000000        9.8000000000000007     
   75.000000000000000        8.0999999999999996     
   76.000000000000000        9.5999999999999996     
   77.000000000000000        9.1999999999999993     
   78.000000000000000        13.199999999999999     
   79.000000000000000        15.400000000000000     
   80.000000000000000        12.199999999999999     
   81.000000000000000        13.100000000000000     
   82.000000000000000        15.100000000000000     
   83.000000000000000        27.000000000000000     
   84.000000000000000        36.600000000000001     
   85.000000000000000        9.8000000000000007     
   86.000000000000000        10.900000000000000     
   87.000000000000000        9.0000000000000000     
   88.000000000000000        11.900000000000000     
   89.000000000000000        9.6999999999999993     
   271.00000000000000      -0.10000000000000001     
   272.00000000000000      -0.20000000000000001     
   273.00000000000000      -0.80000000000000004     
   274.00000000000000      -0.50000000000000000     
   275.00000000000000       -3.7999999999999998     
   276.00000000000000       -3.2000000000000002     
   277.00000000000000       -3.6000000000000001     
   278.00000000000000       -5.9000000000000004     
   279.00000000000000       -4.5999999999999996     
   280.00000000000000       -5.5999999999999996     
   281.00000000000000       -6.2999999999999998     
   282.00000000000000       -8.8000000000000007     
   283.00000000000000       -10.699999999999999     
   284.00000000000000       -12.600000000000000     
   285.00000000000000       -14.800000000000001     
   286.00000000000000       -17.500000000000000     
   287.00000000000000       -15.900000000000000     
   288.00000000000000       -15.900000000000000     
   289.00000000000000       -16.800000000000001     
   290.00000000000000       -10.000000000000000     
   291.00000000000000       -18.300000000000001     
   292.00000000000000       -21.199999999999999     
   293.00000000000000       -22.699999999999999     
   294.00000000000000       -24.300000000000001     
   295.00000000000000       -25.199999999999999     
   296.00000000000000       -28.800000000000001     
   297.00000000000000       -33.200000000000003     
   298.00000000000000       -33.700000000000003     
   299.00000000000000       -30.699999999999999     
   300.00000000000000       -35.399999999999999     
   301.00000000000000       -39.399999999999999     
   302.00000000000000       -41.600000000000001     
   303.00000000000000       -45.500000000000000     
   304.00000000000000       -45.500000000000000     
   305.00000000000000       -44.899999999999999     
   306.00000000000000       -41.000000000000000     
   307.00000000000000       -48.600000000000001     
   308.00000000000000       -56.000000000000000     
   309.00000000000000       -58.000000000000000     
   310.00000000000000       -60.000000000000000     
   311.00000000000000       -62.299999999999997     
   312.00000000000000       -60.700000000000003     
   313.00000000000000       -60.000000000000000     
   314.00000000000000       -61.200000000000003     
   315.00000000000000       -62.500000000000000     
   316.00000000000000       -60.700000000000003     
   317.00000000000000       -61.200000000000003     
   318.00000000000000       -62.000000000000000     
   319.00000000000000       -69.700000000000003     
   320.00000000000000       -72.500000000000000     
   321.00000000000000       -77.000000000000000     
   322.00000000000000       -79.500000000000000     
   323.00000000000000       -83.700000000000003     
   324.00000000000000       -83.000000000000000     
   325.00000000000000       -89.700000000000003     
   326.00000000000000       -91.900000000000006     
   327.00000000000000       -96.400000000000006     
   328.00000000000000       -103.09999999999999     
   329.00000000000000       -127.09999999999999     
   330.00000000000000       -124.50000000000000     
   331.00000000000000       -127.50000000000000     
   332.00000000000000       -125.90000000000001     
   333.00000000000000       -110.40000000000001     
   334.00000000000000       -112.40000000000001     
   335.00000000000000       -117.80000000000000     
   336.00000000000000       -124.80000000000000     
   337.00000000000000       -125.09999999999999     
   338.00000000000000       -123.00000000000000     
   339.00000000000000       -127.50000000000000     
   340.00000000000000       -128.40000000000001     
   341.00000000000000       -133.80000000000001     
   342.00000000000000       -138.00000000000000     
   343.00000000000000       -149.90000000000001     
   344.00000000000000       -149.50000000000000     
   345.00000000000000       -160.30000000000001     
