351.36	0.61	1.7	0.3	-4.3	1.5
352.8	0.64	1.74	0.3	-3.9	1
4.24	22.51	0.17	0.05	3	1.5
5.95	-1.3	1.8	0.2	12	1.5
15	-0.68	2.2	0.2	20	2
15.42	3.31	2	0.7	18	1
16.58	-0.35	2.9	0.9	44.6	1.3
17.06	0.7	2.2	0.22	24.2	2
18.9	2.09	2	0.2	27.6	0.5
29.05	-0.76	3.5	1.2	52.4	1
31.83	1.46	3.6	1.2	55.4	1
39.86	-1.23	2.1	0.8	48.1	1.8
53.56	0.04	1.1	0.4	24	1
59.66	-0.21	1.9	0.2	26.8	1.4
63.12	0.44	4	1.3	22.2	1
64.14	-0.47	3.2	1.1	21.3	1.3
66.83	0.87	3.9	0.3	21	1
70.15	1.71	8	2.5	-22.9	2
71.59	2.76	2.5	0.8	13.7	0.4
74.79	0.57	4.4	1.4	0	2
83.78	3.28	2.1	0.7	-4	2
84.64	0.2	0.8	0.3	0	3
87.06	-4.19	0.7	0.25	3.5	1.5
90.23	1.72	4.8	1.4	-60.9	0.5
94.4	-5.57	1	0.16	8	1
94.57	-1.45	2.6	0.6	-43.4	1.1
96.27	2.57	7.3	2.3	-94.7	0.4
96.72	-15.14	0.6	0.2	-0.2	0.4
97.56	3.16	6.2	2.3	-72.5	0.4
99.06	7.4	0.4	0.13	-13.9	0.7
102.96	-0.8	4.2	1.5	-48.5	1.5
103.72	2.18	0.9	0.3	-16.1	0.5
104.59	1.37	1.4	0.4	-20.7	0.5
105.15	7.12	0.6	0.2	-10.3	1.4
105.77	-0.15	3.3	1.1	-46.5	0.5
106.81	5.31	0.9	0.1	-8.5	1
107.28	-0.9	3.4	0.3	-41	0.5
108.34	-1.12	5.4	1.7	-53.1	1.3
108.75	-0.93	3.6	1.1	-50.4	0.5
109.17	1.47	1.4	0.4	-11.5	0.9
110.11	0.05	6.4	2	-51	2
110.22	2.55	0.73	0.12	-10	1.5
111.28	-0.66	2.5	0.4	-43	2
111.54	0.78	2.8	0.9	-56.1	1.1
111.61	0.37	3.1	1.2	-56	1
111.89	0.88	2.8	0.9	-51.9	0.7
112.19	0.22	3.5	1.1	-44.7	0.5
113.52	-0.57	2.3	0.7	-44.9	3.8
114.65	0.14	1.6	0.5	-33	1
115.79	-1.65	3.8	1.2	-40.6	1.4
117.57	2.26	2.3	0.7	-43.7	1
119.4	-0.84	2.7	0.9	-34.5	2.8
120.36	1.97	1.7	0.5	-49.6	0.5
120.63	-0.14	2.5	0.8	-34.2	0.4
123.04	-6.32	2.2	0.7	-30.4	1.1
133.71	1.21	2.1	0.2	-46	5.3
138.3	1.56	2.1	0.2	-39	1
139.99	2.09	0.8	0.3	-11.5	2
150.68	-0.77	3.3	0.8	-22.6	0.5
151.27	1.97	7.6	0.8	-30.2	0.4
151.61	-0.24	8.2	2.4	-52.2	2.4
154.65	2.46	5.9	1.8	-37.6	0.9
155.39	2.65	6	0.6	-35.3	0.3
159.15	3.27	5.2	0.8	-20.5	1.1
159.36	2.57	4.2	0.6	-24.5	1.2
160.31	-12.34	0.4	0.04	7	3
169.19	-0.9	3.5	1.1	-8.7	2.5
173.43	3.17	1	0.3	-23	0.5
173.47	2.55	2.3	0.7	-18.1	0.9
173.48	-0.05	2.3	0.7	-13.4	0.7
173.6	-1.78	3.2	0.3	-7.2	0.5
173.97	0.25	1.8	0.3	-4.3	0.7
176.24	-20.88	0.15	0.05	8.1	0.9
180.79	4.03	4.7	1.2	-6.5	1
182.36	0.19	2.1	0.7	0	0.5
188.96	0.85	3.5	0.9	2.9	1.2
189.45	4.38	1.6	0.5	-5.3	2.6
189.81	0.33	1.5	0.15	7.5	1
192.23	3.59	4.4	0.4	14.4	0.5
192.61	-0.04	2.5	0.4	7.5	0.7
192.91	-0.63	8.3	2.6	22.8	0.5
194.59	-15.74	0.45	0.14	0.3	1
196.45	-1.68	3.8	1	17.5	0.7
196.92	-10.37	0.4	0.13	12	0.5
197.8	-2.33	4.8	0.5	20.5	0.5
203.24	2.09	0.8	0.15	7	1
207.02	-1.82	1.6	0.2	14.3	0.1
208.99	-19.39	0.5	0.05	8	1.5
210.81	-2.56	9.1	2.9	49.4	2.8
211.27	-0.35	8.7	2.8	21.4	0.5
211.86	-1.18	5.2	0.8	45	0.7
213.81	0.61	6.9	0.7	45.3	1.1
218.15	-0.35	3.2	0.8	27.2	0.8
218.77	1.95	3	1.2	56.7	0.8
224.1	-1.96	1.15	0.14	18.4	1
224.19	1.22	4.6	1.5	32.9	1.1
228.97	-4.65	1.09	0.22	19.6	0.5
231.06	1.5	3.6	0.42	50.4	2.4
231.51	-4.36	4.23	0.55	52.3	0.5
231.57	-4.47	1.5	0.31	51.8	0.5
232.56	0.86	1.75	0.16	16.7	0.5
233.75	-0.2	3.96	0.96	44.1	0.6
234.58	0.83	3.08	0.7	46.7	0.5
234.74	-0.27	3.18	0.56	43	0.5
235.54	-4.06	1.93	0.34	28.2	2.1
235.69	-1.25	5.4	2	74.7	0.5
236.6	-2.17	2.29	0.47	26.3	0.4
237.74	-0.96	3.02	0.52	22.3	0.5
238.49	-4.66	1.35	0.08	20.6	2.2
239.04	-1.66	1.54	0.5	18.9	0.5
239.65	-4.94	1.5	0.5	22.3	1
239.83	-6.52	1.73	0.35	28.2	0.5
240.88	-6.52	2.42	0.49	32.5	0.5
241.52	-0.58	4.7	0.63	70.1	0.6
243.16	0.35	4.51	0.44	49.8	0.5
246.01	1.26	2.52	0.51	58	3.6
246.01	1.19	6.67	1.13	59.9	3
247.47	2.19	4.04	0.82	40.8	0.2
247.83	-0.48	3.18	0.49	56.1	1.4
248.01	-5.46	4.35	0.5	51.3	0.5
248.9	-0.01	1.62	0.19	13.5	0.5
251.01	-2.82	1.79	0.37	29.2	0.2
251.54	2.01	2.24	0.38	25.5	0.8
251.88	-0.47	2.78	0.57	33.4	0.5
252.39	-1.4	0.09	0.02	11.5	0.5
252.93	-1.9	1.31	0.27	10.9	0.5
253.58	2.23	3.85	0.79	35.9	0.5
253.81	-0.9	1.36	0.19	11.3	0.5
253.97	-0.39	2.41	0.18	35.1	1
254.06	-0.56	7.73	1.58	34.7	0.5
254.68	0.22	11.43	2.33	68.2	0.3
255.42	-4.46	0.79	0.08	9.6	0.5
255.42	-3.04	2.69	0.55	5.1	0.7
255.68	-2.27	0.33	0.07	9.4	0.5
255.83	-10.44	0.25	0.02	-3.9	1.1
255.83	-2.6	0.64	0.13	9.8	0.5
255.92	3.99	2.64	0.54	-16.1	0.5
258.31	-1.96	0.51	0.1	8.9	1
259.24	-3.66	0.59	0.05	9.4	0.5
259.56	-16.48	0.23	0.05	3.6	0.5
259.57	-2.82	1.85	0.2	10	0.5
260.06	0.55	0.95	0.09	7.1	1.4
260.38	-7.99	2	0.41	3	0.5
260.49	-2.54	2.49	0.51	8.1	1.5
261.38	0.84	0.72	0.07	4.9	0.8
261.47	0.32	1.21	0.25	7.5	0.5
262.09	1.17	0.7	0.14	7.9	0.5
262.18	0.36	0.4	0.08	8.2	0.5
262.86	-2.41	0.62	0.03	8.7	3
263.11	1.61	1.2	0.24	5.4	0.5
263.56	-0.1	2.12	0.21	7.1	3.6
264.08	1.51	2.87	0.63	7.1	0.6
264.7	1.45	0.61	0.06	6.7	0.5
266.07	-4.3	1.51	0.31	5	0.5
266.2	-7.79	0.36	0.08	3.1	0.5
266.47	-2.02	4.83	0.99	23.8	0.5
266.98	-1.27	0.77	0.16	2.1	0.5
267.95	1.81	0.52	0.08	-0.9	0.5
268.16	-2.7	1.47	0.21	13	2.3
268.45	-1.9	1.51	0.13	1.4	0.8
268.59	-0.61	0.78	0.16	4.7	2.2
268.86	0.53	0.65	0.13	0.8	1.5
270.02	-0.51	0.61	0.12	1.9	0.5
270.13	0.85	3.4	0.69	9.8	1.6
270.43	-0.27	1.07	0.22	2.1	0.5
270.82	0.69	1.36	0.28	5.4	2.4
271.22	4.98	0.74	0.15	-2.6	0.6
271.23	0.96	0.53	0.11	0.6	0.5
272.83	-2.34	2.45	0.5	6.5	0.5
274.7	-1.47	4.41	0.9	3.1	0.5
275.57	-2.2	1.57	0.32	3.2	0.5
281.83	-2.06	2.4	0.34	-7	0.5
282.35	-1.39	1.97	0.4	-18	0.5
282.71	-2.48	2.22	0.49	-17.6	0.5
282.88	-3.14	1.64	0.15	-3.1	0.5
283.76	-3.41	3.73	0.76	-0.7	0.5
284.3	-0.31	2.31	0.46	19.3	1.5
284.76	-3.06	2.21	0.24	-1.2	0.5
285.87	4.44	3.42	1.06	-24.1	0.5
286.21	-0.2	2.31	0.17	-21.5	0.9
286.28	-0.52	1.58	0.32	14.6	0.5
286.35	3.24	1.07	0.22	-12.6	0.5
287	2.64	3.13	0.49	-13.5	0.6
287.22	-3.05	3.1	0.63	-7.7	0.5
288.97	-3.84	1.28	0.26	-13.6	0.5
289.78	-3.23	3.42	0.7	-14.3	0.5
290.34	-2.98	3.08	0.37	-12.9	0.5
290.35	1.62	2.91	0.34	-19.2	0.5
290.36	-2.84	8.55	1.74	-16.6	0.5
291.29	-0.68	2.65	0.32	-24	0.5
291.94	2.06	2.23	0.45	-23	0.5
292.94	1.32	4.45	0.91	-21.8	0.5
294.04	-1.75	2.25	0.13	-17.9	0.5
295.48	0.47	1.29	0.15	-13.4	0.5
295.71	-0.34	1.15	0.18	-16.2	0.5
296.25	-3.57	3.6	0.47	-30	0.6
296.49	-2.77	3.28	0.47	-26.3	0.5
297.02	-1.71	2.9	0.59	-29.8	0.5
297.25	-15	0.07	0.01	4.6	0.5
298.42	0.69	2.11	0.43	-32.5	0.5
298.94	0.48	1.86	0.41	-25.7	0.5
299.34	-0.29	5.37	0.6	-40.4	0.5
299.57	-0.85	2.27	0.33	-35.3	1.6
300.53	-0.05	2.14	0.22	-22.8	0.5
303.66	-3.51	1.28	0.26	-23.3	0.5
304.94	0.51	1.13	0.23	-35.2	1.2
