   2.1083577364091499      -8.37758040957278100E-002   3.6000000000000001       -69.000000000000000     
   2.1345376751890650      -5.58505360638185469E-002   3.2999999999999998       -36.000000000000000     
   2.2095868330248210      -7.85398163397448279E-002   3.3999999999999999       -62.000000000000000     
   2.2252947962927703      -8.55211333477221558E-002   4.0000000000000000       -52.000000000000000     
   2.2444934180647076      -8.20304748437334919E-002   3.2999999999999998       -72.000000000000000     
   2.2619467105846511      -7.50491578357561639E-002   5.7999999999999998       -100.00000000000000     
   2.2636920398366454      -6.10865238198015359E-002   3.2999999999999998       -36.000000000000000     
   2.2846359908605773      -7.85398163397448279E-002   4.2999999999999998       -35.000000000000000     
   2.2898719786165600      -8.55211333477221558E-002   4.4000000000000004       -82.000000000000000     
   2.3230332344044524      -7.85398163397448279E-002   3.8999999999999999       -38.000000000000000     
   2.3579398194443391      -7.50491578357561639E-002   6.9000000000000004       -64.000000000000000     
   2.3788837704682715      -7.15584993317675000E-002   4.4000000000000004       -35.000000000000000     
   2.3317598806644240      -6.45771823237901998E-002   5.2000000000000002       -25.000000000000000     
   2.3928464044842257      -6.63225115757845179E-002   2.7000000000000002       -38.000000000000000     
   2.3980823922402088      -6.10865238198015359E-002   6.5999999999999996       -35.000000000000000     
   2.8012534494508987      -8.02851455917391460E-002   2.3999999999999999       -38.000000000000000     
   2.8064894372068823      -8.02851455917391460E-002   3.5000000000000000       -58.000000000000000     
   2.8309240467348022      -8.02851455917391460E-002   7.0000000000000000       -14.000000000000000     
   2.8256880589788196      -5.93411945678072039E-002   1.5000000000000000        51.000000000000000     
   2.8291787174828080      -5.75958653158128719E-002   4.5000000000000000       -6.0000000000000000     
   2.9949849964222692      -5.93411945678072039E-002   2.1000000000000001        49.000000000000000     
   2.8239427297268254       6.98131700797731819E-002   3.1000000000000001        34.000000000000000     
   3.0874874467779692      -6.80678408277788499E-002   5.5000000000000000        0.0000000000000000     
   2.9478611066184226       6.98131700797731819E-002   5.2000000000000002       -1.0000000000000000     
   2.9530970943744053       7.15584993317675000E-002   4.7999999999999998       -16.000000000000000     
   3.3265975543011921      -8.55211333477221558E-002   5.0000000000000000        45.000000000000000     
   3.3737214441050392      -8.55211333477221558E-002   5.0000000000000000        70.000000000000000     
   3.3510321638291125      -7.15584993317675000E-002   5.5000000000000000        33.000000000000000     
   3.1258846903218442       5.41052068118242149E-002   5.0999999999999996        14.000000000000000     
   3.1119220563058896       6.80678408277788499E-002   5.2000000000000002       -12.000000000000000     
   3.1433379828417873       6.63225115757845179E-002   3.7999999999999998        35.000000000000000     
   3.1642819338657198       5.75958653158128719E-002   2.1000000000000001        33.000000000000000     
   3.1642819338657198       6.28318530717958679E-002   2.7999999999999998        40.000000000000000     
   3.4400439556808236      -7.67944870877505098E-002   3.8999999999999999        59.000000000000000     
   3.4889131747366648      -8.02851455917391460E-002   4.9000000000000004        51.000000000000000     
   3.4924038332406533      -8.02851455917391460E-002   4.7999999999999998        53.000000000000000     
   3.5081117965086022      -7.15584993317675000E-002   6.5999999999999996        64.000000000000000     
   3.5342917352885173      -8.20304748437334919E-002   3.2999999999999998        43.000000000000000     
   3.5395277230445004      -8.20304748437334919E-002   4.5999999999999996        36.000000000000000     
   3.4924038332406533      -5.58505360638185469E-002   2.1000000000000001        28.000000000000000     
   3.4993851502486306      -5.23598775598298830E-002   6.5000000000000000        96.000000000000000     
   3.5465090400524772      -6.80678408277788499E-002   2.8999999999999999        34.000000000000000     
   3.5709436495803981      -8.02851455917391460E-002   3.6000000000000001        27.000000000000000     
   3.2672563597333846       8.37758040957278100E-002   6.7999999999999998        47.000000000000000     
   3.5639623325724208      -7.15584993317675000E-002   4.2999999999999998        49.000000000000000     
   3.5569810155644439      -6.28318530717958679E-002   7.7999999999999998        66.000000000000000     
   3.5604716740684323      -5.41052068118242149E-002   9.0000000000000000        71.000000000000000     
   3.4348079679248409       5.93411945678072039E-002   4.2999999999999998        38.000000000000000     
   3.4068826998929311       7.85398163397448279E-002   3.6000000000000001        76.000000000000000     
   3.5744343080843870       8.02851455917391460E-002   14.699999999999999        87.000000000000000     
   3.6320301734001994       5.23598775598298830E-002   5.9000000000000004        77.000000000000000     
   3.6093408931242736       6.45771823237901998E-002   4.0000000000000000        101.00000000000000     
   3.5761796373363812       8.37758040957278100E-002   6.7999999999999998        83.000000000000000     
   3.5814156250923639       8.20304748437334919E-002   4.7999999999999998        99.000000000000000     
   3.6425021489121656       6.63225115757845179E-002   3.6000000000000001        92.000000000000000     
   1.0838494654884787       7.33038285837618458E-002   14.800000000000001       -63.000000000000000     
   1.0890854532444616       7.50491578357561639E-002   14.800000000000001       -107.00000000000000     
   1.1065387457644049       7.15584993317675000E-002   13.400000000000000       -145.00000000000000     
   1.1327186845443200       8.37758040957278100E-002   13.300000000000001       -76.000000000000000     
   1.1658799403322120       7.15584993317675000E-002   11.600000000000000       -58.000000000000000     
   1.1955505376161157       7.85398163397448279E-002   13.100000000000000       -82.000000000000000     
   1.1990411961201044       7.33038285837618458E-002   15.500000000000000       -128.00000000000000     
   1.2548917321839230       6.80678408277788499E-002   10.600000000000000       -70.000000000000000     
   1.3369222070276563       7.67944870877505098E-002   8.6999999999999993       -76.000000000000000     
   1.3596114873035827      -8.20304748437334919E-002   9.5000000000000000       -72.000000000000000     
   1.3805554383275145      -8.55211333477221558E-002   8.4000000000000004       -65.000000000000000     
   1.6109388995907661      -8.20304748437334919E-002   6.0999999999999996       -93.000000000000000     
   1.6510814723866356      -8.55211333477221558E-002   6.2999999999999998       -77.000000000000000     
   1.6842427281745280      -6.63225115757845179E-002   4.2999999999999998       -80.000000000000000     
   1.6842427281745280      -7.15584993317675000E-002   4.0000000000000000       -66.000000000000000     
   1.6982053621904825      -8.02851455917391460E-002   4.0999999999999996       -55.000000000000000     
   1.7174039839624204      -7.85398163397448279E-002   5.7000000000000002       -74.000000000000000     
   1.7348572764823635      -5.41052068118242149E-002   5.5000000000000000       -36.000000000000000     
   1.7313666179783749      -6.28318530717958679E-002   4.2000000000000002       -82.000000000000000     
   1.8465583486100006      -6.63225115757845179E-002   4.5999999999999996       -56.000000000000000     
   1.0297442586766543       7.15584993317675000E-002   16.122248272960213       -127.00000000000000     
  0.87266462599716477       6.45771823237901998E-002   19.513226988570594       -108.00000000000000     
   1.0681415022205296       6.80678408277788499E-002   14.507408164337020       -113.00000000000000     
   1.0838494654884787       5.58505360638185469E-002   13.639717346321017       -115.00000000000000     
   1.1082840750163991       5.93411945678072039E-002   19.115056542100440       -96.000000000000000     
  0.91629785729702296      -5.41052068118242149E-002   15.257962345446092       -5.0000000000000000     
  0.91280719879303429      -5.93411945678072039E-002   18.972575285310089       -91.000000000000000     
   1.1414453308042916       6.63225115757845179E-002   15.601421872099845       -108.00000000000000     
   1.1222467090323538       5.23598775598298830E-002   14.362970585214436       -101.00000000000000     
   1.1362093430483085       5.58505360638185469E-002   13.884459552046936       -92.000000000000000     
  0.95469510084089826      -5.75958653158128719E-002   21.009607428768053       -52.000000000000000     
   1.2164944886400477       7.33038285837618458E-002   13.778601934420950       -125.00000000000000     
   1.0192722831646883      -5.75958653158128719E-002   17.766971878480796       -113.00000000000000     
   1.2618730491919001       6.10865238198015359E-002   12.269009173063226       -100.00000000000000     
   1.2740903539558606       5.58505360638185469E-002   13.494312949353247       -69.000000000000000     
   1.2810716709638379       5.58505360638185469E-002   15.073470286851427       -135.00000000000000     
   1.3281955607676847       6.28318530717958679E-002   14.794043946479144       -144.00000000000000     
   1.3491395117916167       5.23598775598298830E-002   14.954002038064056       -130.00000000000000     
   1.3823007675795089       5.41052068118242149E-002   12.921262087069884       -48.000000000000000     
   1.2461650859239515      -7.33038285837618458E-002   15.847736273105584       -137.00000000000000     
   1.5707963267948966      -7.85398163397448279E-002   16.468611183175270       -120.00000000000000     
   1.2932889757277981      -0.15533430342749532        17.526975993900134       -117.00000000000000     
   1.4224433403753785      -5.93411945678072039E-002   12.709135107942652       -126.00000000000000     
   1.3927727430914749      -0.15358897417550102        24.435195026601122       -173.00000000000000     
   1.6441001553786585      -0.12915436464758040        15.445296150349744       -165.00000000000000     
   1.8186330805780915       7.50491578357561639E-002   9.3369176549388495       -71.000000000000000     
   1.7156586547104258      -0.14137166941154070        19.010392532040861       -120.00000000000000     
   1.9250981649497454       7.67944870877505098E-002   9.5390718462352915       -128.00000000000000     
   1.8971728969178363      -7.33038285837618458E-002   12.761705000905998       -154.00000000000000     
   1.9809487010135640      -5.75958653158128719E-002   11.150691950302059       -119.00000000000000     
   1.9984019935335073      -6.45771823237901998E-002   8.4408504737962069       -70.000000000000000     
   2.1450096507010312      -5.93411945678072039E-002   6.0237972430294757       -107.00000000000000     
   2.1921335405048779      -5.23598775598298830E-002   7.4560116864460602       -80.000000000000000     
   2.2200588085367872      -0.15009831567151233        16.095142286736564       -117.00000000000000     
   2.3212879051524582      -9.77384381116824519E-002   18.750418730772381       -86.000000000000000     
   2.3422318561763902      -0.11693705988362008        14.127484749040233       -107.00000000000000     
