9.9450685406  67.3278236915
9.95694561291  58.7327823691
9.95991488098  56.5840220386
10.1826099866  155.426997245
10.2053743752  138.953168044
10.7215321423  155.426997245
11.4410847726  154.710743802
11.4420745286  153.994490358
11.4777057455  128.209366391
11.8419359628  124.628099174
12.1814222794  138.953168044
12.2071559361  120.330578512
12.3778888504  126.776859504
12.5812837136  109.58677686
12.8311971099  58.7327823691
12.8910773494  145.399449036
13.0915029445  130.358126722
13.1865195229  61.5977961433
13.580937299  166.170798898
13.6729846093  99.5592286501
13.9916860494  128.925619835
14.2712921265  56.5840220386
14.2772306626  52.2865013774
14.4271787005  73.7741046832
14.8750433018  139.669421488
15.0576532885  137.520661157
15.4139654575  139.669421488
15.4189142376  136.08815427
15.6015242243  133.939393939
15.6807047063  76.6391184573
15.8623249369  75.2066115702
16.219626862  76.6391184573
16.3131588064  138.953168044
16.4927995249  138.953168044
16.7446924333  86.6666666667
16.8877121789  113.168044077
16.9421487603  73.7741046832
17.2192804474  133.223140496
17.4058494581  128.209366391
17.5874696887  126.776859504
17.9398228337  131.790633609
18.1174840402  133.223140496
18.1600435493  102.424242424
18.4030286534  56.5840220386
18.663334488  128.209366391
18.8350571584  133.939393939
19.0186569011  131.074380165
19.2062156678  125.344352617
19.3838768744  126.776859504
19.568466373  123.195592287
19.5704458851  121.763085399
19.7441480675  126.060606061
19.7451378235  125.344352617
20.1093680408  121.763085399
20.1133270649  118.898071625
20.4755777701  116.749311295
20.6571980007  115.316804408
20.8318899391  118.898071625
20.8833572524  81.652892562
21.1882021082  121.046831956
21.5464937893  121.763085399
21.7162369476  128.925619835
21.731083288  118.181818182
22.1022417974  109.58677686
22.2680259316  119.614325069
22.4446973821  121.763085399
22.6273073687  119.614325069
22.8029890632  122.479338843
23.347849755  118.181818182
23.5502548622  101.707988981
23.7209877765  108.154269972
24.251991884  113.884297521
24.4286633345  116.033057851
24.6023655169  120.330578512
24.9665957342  116.749311295
25.3337952195  111.019283747
25.3357747315  109.58677686
25.3377542436  108.154269972
25.512446182  111.73553719
26.2300193002  112.451790634
26.4057009947  115.316804408
26.7758697481  107.438016529
26.7818082843  103.140495868
27.1341614292  108.154269972
27.3128123917  108.870523416
27.3177611719  105.289256198
27.6810016331  102.424242424
27.8457960113  113.168044077
28.2179442767  103.856749311
28.386697679  111.73553719
28.5643588855  113.168044077
28.9266095907  111.019283747
29.1181273816  102.424242424
29.3017271243  99.5592286501
29.841639036  98.8429752066
30.3647250953  110.303030303
30.3756124115  102.424242424
30.7111397041  119.614325069
30.7358836047  101.707988981
30.8947394467  116.749311295
31.4386103825  113.168044077
31.6281486614  106.005509642
31.7998713317  111.73553719
32.166081061  106.721763085
32.5392190825  96.694214876
32.7119315089  101.707988981
32.8836541792  107.438016529
33.0741822141  99.5592286501
33.2409561043  108.870523416
33.4275251151  103.856749311
33.4275251151  103.856749311
33.6012272975  108.154269972
33.9555599545  111.73553719
33.9585292225  109.58677686
34.1441084773  105.289256198
34.3237491958  105.289256198
34.3267184639  103.140495868
34.3277082199  102.424242424
34.5142772307  97.4104683196
34.8715791557  98.8429752066
35.2170040085  108.870523416
35.4194091157  92.3966942149
35.592121542  97.4104683196
35.7658237245  101.707988981
35.7668134805  100.991735537
35.9533824912  95.9779614325
36.6858019498  85.9504132231
36.8585143762  90.9641873278
37.047062899  84.5179063361
37.2197753254  89.5316804408
37.5750977384  92.3966942149
37.9363586876  90.9641873278
38.1140198941  92.3966942149
38.1169891622  90.2479338843
38.4752808433  90.9641873278
38.6569010739  89.5316804408
38.8335725244  91.6804407713
38.8385213045  88.0991735537
39.0280595833  80.9366391185
39.3853615084  82.3691460055
39.9401197605  70.9090909091
40.2796060771  85.2341597796
40.2964319295  73.0578512397
40.6517543426  75.9228650138
40.8185282328  85.2341597796
41.0090562676  77.3553719008
41.0338001683  59.4490358127
41.3485425843  91.6804407713
41.7167318256  85.2341597796
41.7266293859  78.0716253444
41.9102291285  75.2066115702
42.1017469194  66.6115702479
42.2734695897  72.3415977961
42.4620181125  65.8953168044
42.8163507695  69.476584022
42.8193200376  67.3278236915
43.1805809868  65.8953168044
43.3592319493  66.6115702479
43.5349136438  69.476584022
43.7185133865  66.6115702479
43.897164349  67.3278236915
44.251497006  70.9090909091
44.4281684565  73.0578512397
44.6167169793  66.6115702479
44.7914089177  70.1928374656
45.1516801109  69.476584022
45.3333003415  68.044077135
45.6935715346  67.3278236915
45.864304449  73.7741046832
46.0568119958  64.4628099174
46.2354629584  65.1790633609
46.2374424704  63.7465564738
46.5927648835  66.6115702479
46.7763646261  63.7465564738
47.1851338645  27.9338842975
47.4682040877  83.085399449
47.6805067551  59.4490358127
47.8571782056  61.5977961433
48.0358291681  62.3140495868
48.2174493987  60.8815426997
48.3961003613  61.5977961433
48.5787103479  59.4490358127
48.5797001039  58.7327823691
48.7524125303  63.7465564738
48.9271044687  67.3278236915
49.1107042114  64.4628099174
49.4650368684  68.044077135
49.4749344287  60.8815426997
49.8243183055  68.044077135
50.0178156085  58.0165289256
50.3731380215  60.8815426997
50.3751175335  59.4490358127
50.5478299599  64.4628099174
50.7373682387  57.3002754821
50.9130499332  60.1652892562
51.2713416143  60.8815426997
51.2733211263  59.4490358127
51.4440540407  65.8953168044
51.6375513436  55.867768595
51.9849557084  64.4628099174
52.166575939  63.0303030303
52.3422576335  65.8953168044
52.7015390706  65.8953168044
53.2424407384  64.4628099174
53.4715692582  28.650137741
53.9728806849  55.867768595
54.3430494383  47.9889807163
54.5325877171  40.826446281
55.0596328005  49.4214876033
55.4208937497  47.9889807163
55.9677339536  42.258953168
56.3289949028  40.826446281
56.497748305  48.7052341598
56.8649477904  42.9752066116
57.2262087395  41.5426997245
57.400900678  45.1239669421
57.5755926164  48.7052341598
57.7690899193  38.6776859504
57.7690899193  38.6776859504
58.2991042708  45.1239669421
58.4945810858  33.6639118457
58.7157915574  3.58126721763
58.8894937398  7.87878787879
59.3917949226  34.3801652893
59.5763844212  30.7988980716
59.9376453704  29.3663911846
59.9435839066  25.0688705234
60.473598258  31.5151515152
60.5240758153  -5.01377410468
61.2000791805  25.7851239669
61.2436284456  -5.73002754821
61.5573811056  27.217630854
61.7261345078  35.0964187328
61.9166625427  27.217630854
62.6243381007  35.0964187328
63.0380561192  -4.29752066116
63.582916811  -8.59504132231
63.9016182511  20.7713498623
64.4346018706  25.0688705234
65.5213539862  18.6225895317
66.2498144207  11.4600550964
67.8784579601  2.8650137741
69.8267926956  22.9201101928
70.197951205  14.3250688705
70.9184935913  12.8925619835
71.4534567229  15.7575757576
71.7899737715  32.2314049587
73.0484485574  31.5151515152
73.5774731529  38.6776859504
73.9832731232  5.01377410468
74.5212055228  5.73002754821
74.8775176919  7.87878787879
75.0551788984  9.31129476584
75.2407581531  5.01377410468
75.5980600782  6.44628099174
75.7806700648  4.29752066116
75.9543722472  8.59504132231
76.141931014  2.8650137741
76.6828326817  1.43250688705
77.2148265453  6.44628099174
77.3934775078  7.16253443526
77.7606769931  1.43250688705
77.9155738111  19.3388429752
78.2778245163  17.1900826446
78.4624140149  13.608815427
78.6450240016  11.4600550964
79.1809768892  13.608815427
79.1829564012  12.1763085399
79.5412480823  12.8925619835
79.7327658732  4.29752066116
79.9094373237  6.44628099174
80.2617904686  11.4600550964
80.4542980155  2.14876033058
80.630969466  4.29752066116
80.8056614045  7.87878787879
81.1629633295  9.31129476584
81.3455733162  7.16253443526
81.5083881823  19.3388429752
81.8775671797  12.1763085399
