2.4		1.4		3		4.7		1.4
4.3		0.6		6.6		1.3		0.4
6		-1.3		2.8		1.6		0.25
6		-1.2		3.6		1.6		0.25
6.2		-1.2		3		1.6		0.25
6.9		-2.1		5.4		1.6		0.25
7		-0.2		14.3		2.7		0.8
7.3		-0.1		17.9		2.7		0.8
8.7		-0.5		15		1.7		0.5
10.31		-0.15		9.4		3.4		0.3
11.5		-1		12		1.6		0.2
12.8		0.4		20.7		2.4		0.2
13.5		-0.2		11.3		1.6		0.25
13.8		-0.8		23.9		1.6		0.25
14.1		-0.5		20.6		1.6		0.25
14.4		-0.7		11.9		1.6		0.25
15		-0.7		13.9		1.6		0.25
15.1		-0.9		13.8		1.6		0.25
15.1		-0.7		19.1		1.6		0.25
15.2		-0.6		13.9		1.6		0.25
15.2		-0.8		23.7		1.6		0.25
15.2		1.5		17.5		2.8		0.6
16.3		-0.2		49.5		4		0.6
16.4		-0.5		42.7		4		0.6
16.4		-0.2		44.5		4		0.6
16.6		-0.3		44.9		4		0.6
16.9		0.8		26.3		2		0.25
17		0.8		24.5		2		0.25
17		0.9		26.4		2		0.25
17.1		0.8		27.4		2		0.25
18.3		1.9		29.9		2		0.2
18.6		-0.3		71.1		3.4		1
18.7		2		26.6		2		0.2
18.9		-0.5		65.5		3.4		1
18.9		-0.4		68		3.4		1
18.95		-0.02		52.3		3.4		1
19		0		48.7		3.4		1
19		-0.4		65.8		3.4		1
19		-0.6		68.2		3.4		1
19.07		-0.28		64.2		3.4		1
19.1		-0.3		66.5		3.4		1
19.12		-0.34		63.5		3.4		1
19.5		0.1		19.9		2		0.2
20.5		0.2		24.1		2		0.2
23		-0.4		74.1		4.59		0.4
23.1		0.6		29.5		1.7		0.5
23.42		-0.21		103		5.88		1.2
23.96		0.15		78.9		2.5		0.4
24.7		-0.2		84.8		2.2		0.25
25.3		0.3		40.3		2.2		0.25
26.4		1.8		43		2.3		0.7
29		-0.6		52.6		3.3		0.7
29.1		-0.7		47.3		3.3		0.7
29.1		0		52.4		3.3		0.7
29.2		0		61.7		3.3		0.7
30.6		-0.6		17.8		0.5		0.1
31.9		1.4		53		3.8		1.1
35.1		-1.5		44.2		3.27		0.5
35.2		-1.7		46.5		3.27		0.5
36.3		-1.7		63.5		1.8		0.5
39.9		-1.3		44.3		2.1		0.6
49		-0.3		64.8		5.1		2.2
49.1		-0.4		71.2		5.1		2.2
49.2		-0.3		68.6		5.1		2.2
49.5		-0.4		57.5		5.1		2.2
53.5		0		24		1.4		0.4
5.9		-3.8		29.6		4.5		1.3
59.5		-0.2		29.4		2.3		0.25
60.9		-0.1		18.6		2.2		0.3
61.5		0.1		27.3		2.2		0.3
62.9		0.1		19.2		2.2		0.3
62.9		0.1		19.2		2.2		0.3
63.2		0.5		19.4		2.2		0.3
64.1		-0.5		23.6		3.9		0.5
70.2		1.7		-22.9		7		1.5
70.29		1.6		-24.2		7		1.5
70.33		1.59		-21.1		7		1.5
71.6		2.8		16		2.8		0.8
74.8		0.6		-2.2		3.1		0.9
77.4		-3.7		8.1		2.6		0.8
85.5		-1		3.4		1		0.3
87.6		-3.8		2.8		0.9		0.3
93.1		2.8		-61		6.3		1.1
94.4		-5.5		0.9		0.9		0.04
94.5		-1.5		-38.6		3.6		0.8
95.4		16.8		-4		0.4		0.04
96		2		-74		9.6		0.4
96.3		2.6		-95		9.7		2.9
96.3		-0.2		-54.2		8.88		0.61
99.3		3.7		-2		0.9		0.04
100		10		-9.6		0.6		0.1
101.4		2.7		-61		5.25		0.29
102.9		-0.7		-48.1		3.1		0.3
103.7		2.2		-16.1		1.2		0.25
104.6		1.4		-20.7		1.2		0.25
105.2		7.1		-10.3		0.7		0.1
105.6		0.4		-52		2.91		1.4
106.8		3.3		-65		8.34		0.6
106.8		5.3		-8.5		0.9		0.1
107.2		-1		-36		3.7		0.25
108.2		5.6		-8.8		0.9		0.1
108.3		-1		-55.2		5.3		1.1
108.8		-0.9		-50.1		2.39		0.21
108.8		-1		-49.1		2.39		0.21
109.2		1.5		-11.5		0.7		0.04
110.1		0		-51.7		3		0.7
110.2		2.5		-10		0.7		0.04
111.5		0.8		-60.8		2.4		0.14
111.6		0.9		-60.6		2.65		0.1
111.6		0.4		-64.5		2.4		0.14
111.9		4.1		5.8		1.1		0.3
112.2		0.2		-41.8		3.2		0.25
113.6		-0.7		-42.7		3.53		0.17
114.6		0.2		-33		1.7		0.5
115.8		-1.6		-40.8		2.5		0.5
117.6		2.3		-43.7		2.6		0.27
118.1		5		-9.1		0.7		0.04
118.6		-1.3		-40.8		3.12		0.34
119.4		-0.8		-34.5		3.12		0.34
120.4		2		-49		1.09		0.21
122.6		0.1		-42.3		5.3		1.6
123.1		-6.3		-29.7		2.9		0.4
123.2		-6.3		-30.4		2.9		0.4
124		-1.9		3		0.2		0.1
133.7		1.2		-40.1		2.3		0.25
133.8		1.4		-47.7		2.3		0.25
136.1		2.1		-46.3		2.4		0.32
136.9		1		-41.3		2.3		0.25
138.5		1.6		-34.6		2.3		0.25
140		2		-10.7		1.1		0.2
143.6		-1.8		-34.4		1.71		0.31
145.8		3		-26		4		1.2
148.5		-0.2		-17.5		0.8		0.2
150.6		0.9		-25.1		2.7		0.8
151.3		2		-32.9		7.5		1.6
151.6		-0.2		-49.9		10.1		1.7
154.6		2.4		-35.5		6.8		0.9
155.4		2.6		-40.1		6.8		0.9
159.1		3.3		-20.5		4.19		0.27
159.4		2.6		-24.5		4.19		0.27
160.3		0.9		-25.2		4.19		0.27
161		12		7		0.5		0.2
168.1		3.1		-22.6		3.8		1.1
168.6		0		-27.1		4.2		1.3
169.2		-0.9		-20.5		4.1		1.2
173.4		-0.2		-14.3		1.8		0.25
173.6		2.8		-24.5		1.6		0.3
173.6		-1.8		-7.2		4.3		0.25
173.9		0.3		-4.3		5.2		0.8
182.4		0.2		0		2.2		0.7
188.9		0.8		3		4.2		1.3
189		4		-5.4		1.8		0.3
189.8		0.3		7.5		2.1		0.03
192.2		3.6		14.4		5.1		1.5
192.6		0		5.8		2.46		0.16
192.9		-0.6		22.8		8.9		2.7
193.7		-2.2		6		1.6		0.5
194.7		15.6		0.3		0.5		0.1
195.1		12		12		0.5		0.1
195.7		-0.1		28.6		2		0.6
196.4		-1.7		17.1		4.2		1.3
196.4		-2.9		6.3		1.3		0.4
197.8		-2.3		19.2		5.1		1.1
202.9		2.2		7		0.8		0.04
206.3		-2.1		14.8		1.9		0.25
206.5		16.4		5		0.4		0.04
206.6		16.2		9.6		0.4		0.04
208.4		19.1		8		0.4		0.04
208.7		-2.6		11.1		1.4		0.4
208.9		19.3		7.7		0.4		0.04
209		19.4		-2.3		0.4		0.04
210.6		-1.4		22		1.17		0.29
210.8		-2.6		49.4		7.89		0.27
211.14		-1.01		37.1		4.01		0.73
211.9		-1.2		45		7.89		0.27
213.8		0.6		45.3		7.89		0.27
216.1		0		22.6		1.7		0.5
218.1		-0.3		27.2		2.9		0.5
218.7		1.8		55		7.5		2.2
218.8		-4.6		51.1		8.5		0.25
224.1		-2		18.4		1		0.04
224.2		-2.9		14.6		1		0.04
224.2		1.2		33.6		3.24		0.56
227.8		-0.2		56.5		3.7		1.1
232.6		0.9		17.8		2.5		0.7
233.8		-0.2		40.2		4.3		0.4
234.8		10.1		16		1.3		0.4
235.5		-4.1		28.2		2.5		0.4
236.6		-2.1		26.3		2.3		0.7
237		-1.3		74.8		5.4		2
237.3		-6.5		18		1.6		0.25
238.5		-4.7		20.6		1.4		0.1
241.5		-0.6		70.1		4.7		0.6
243.2		0.4		53.9		4		0.25
246		1.2		62.9		6.7		1.1
247.5		2.2		40.8		4		0.8
247.8		-0.5		55.2		3.2		0.4
248		-5.5		51.3		4.4		0.5
253		-1.3		9.5		1.3		0.3
253.6		-0.2		36.3		3		0.3
254.7		0.2		64		7.6		0.9
255.7		-2.4		9.6		0.5		0.1
260.1		0.6		7.1		1.2		0.2
261.4		0.8		7.1		1		0.04
262.9		-2.4		8.7		0.6		0.03
263		1.5		5.5		1.1		0.2
264.3		1.5		12		3.1		0.9
264.3		0.3		9		1.7		0.3
264.4		1.1		6		0.9		0.1
267.8		-0.9		7.9		1.6		0.2
267.9		-1.1		1		1.6		0.2
268		1.8		-0.9		0.5		0.1
268.2		-2.7		13		2.6		0.5
268.5		-0.8		5		1.3		0.4
269.1		-1.1		15		2.6		0.8
270.3		0.8		1		3.4		0.7
270.8		0.7		5.4		1.4		0.3
274		-1.1		39		2.7		0.8
274.7		-1.5		3.1		4.4		0.9
281.8		-2		-5.4		4.7		1
282.3		-1.8		-15		3.1		0.5
282.5		-1.2		-12		2		0.4
282.7		-1.4		-19.1		2		0.4
283.5		-1		-3		3.3		0.7
284		-0.9		3.8		5.5		0.25
284.3		0.4		1		5.5		0.25
284.3		-0.3		-0.5		5.5		0.25
286.2		-0.2		-18		2.6		0.25
286.7		3		-13		2.1		0.6
286.9		-0.9		-20		2.6		0.25
287.2		0.1		-25		2.6		0.25
287.2		0.4		-18		2.6		0.25
287.4		-0.6		-17.7		2.6		0.25
287.5		-0.6		-19.6		2.6		0.25
287.6		-0.9		-24		2.6		0.25
288		-0.8		-26		2.6		0.25
288.2		-2.9		-7.4		3.1		0.9
289.1		-0.4		23.2		8		0.5
289.5		0.2		-23		2.9		0.2
289.8		-1.2		22		8		0.5
289.8		-1.1		21.9		8		0.5
289.9		-0.8		22		8		0.5
290.4		-2.9		-15		4.2		0.5
290.4		1.5		-19		2.7		0.25
290.5		-0.8		22		8		0.5
290.6		0.3		-28		2.8		0.25
291.1		-0.8		17		7.9		0.25
291.3		-0.7		-24.5		2.7		0.2
291.6		-0.5		10		7.9		0.25
291.9		-1		15		7.9		0.25
292.3		-4.9		-3		3.3		1
292.4		1.6		-22.4		2.3		0.7
293.6		-1.3		-27		2.5		0.5
294.8		-1.8		-18		2.2		0.25
295.1		-1.6		-22		2.2		0.25
297		0		-28		2.5		0.4
299.4		-0.3		-37		5.4		0.6
302		0		-27		2.1		0.6
302.1		0.3		-24		2.1		0.2
302.7		0.2		-33		2.1		0.6
302.8		1.3		-32		2.1		0.6
306.3		0.1		-37		2.3		0.25
308.6		0.6		-50		4		0.6
309.1		0.2		-47		4		0.6
309.5		-0.7		-43		4		0.6
309.9		0.4		-55		4		0.6
311		0.4		-51		2.9		0.9
311.3		0		-52		2.9		0.9
312.7		-0.4		-29		1.5		0.4
316.8		0		-36		3.6		1.1
317		0.3		-48.8		3.6		1.1
317.3		0.3		-51		3.6		1.1
317.6		-0.4		-38		3.6		1.1
318		-0.8		-37		3.6		1.1
320.4		-1		-50		3.3		0.25
326.2		1		-42		2.3		0.4
326.3		0.7		-45		2.3		0.4
326.4		0.9		-39		2.3		0.4
326.6		0.6		-44		2.3		0.4
326.6		-1		-21		0.9		0.3
327.5		-0.8		-37		2.8		0.5
328		-0.6		-45.6		3		0.4
328.1		-0.8		-18.5		1.1		0.3
328.2		-2		-25		0.8		0.2
328.3		-0.6		-43		3.3		0.7
332.1		-0.4		-55		3.8		0.5
332.5		-0.1		-53		3.8		0.5
332.7		-0.6		-47.4		3.8		0.5
332.8		-1.4		-41		3.8		0.5
332.8		-0.6		-57.1		3.8		0.5
333		0.8		-52		3.8		0.5
333		2		-20		1.7		0.2
333.1		-0.4		-54.5		3.8		0.5
333.3		-0.4		-50.1		3.8		0.5
333.7		-0.5		-49.9		3.8		0.5
336.5		-1.5		-24.9		1.4		0.25
338.7		0.6		-62		5.2		1.6
338.9		0.6		-63		5.2		1.6
338.9		-0.1		-40		2.7		0.6
339.1		-0.4		-37		2.7		0.6
340.8		-1		-24.9		2.5		0.4
341		-0.1		-38		3.4		1
341.3		-0.3		-38		3.4		1
345		1.5		-14.8		1.9		0.25
345.2		1		-9.2		1.9		0.25
345.3		1.5		-15.3		1.9		0.25
345.4		1.4		-14.8		1.9		0.25
345.5		0.3		-20		2		0.25
345.5		0.2		-13		1.9		0.25
347.7		1.9		-19		2		0.6
348.2		-1		-18		2.9		0.25
348.2		0.4		-12		1.3		0.4
348.6		-0.6		-19		2.9		0.25
348.7		-1		-12.6		2.9		0.25
349.8		-0.6		-25.8		2.2		0.3
349.83		-0.53		-25.7		2.2		0.3
350		0.2		-5		1.6		0.5
350.5		1		-10.9		1.9		0.2
351.2		0.5		-7.1		1.9		0.2
351.4		0.7		-3.1		1.9		0.2
351.7		0.5		-2.3		1.9		0.2
352.4		2.1		-7		1		0.2
353		0.9		-4		2		0.25
353.1		0.4		-3.3		2		0.25
353.1		0.7		-3.8		2		0.25
353.2		0.9		-4.4		2		0.25
355.1		20.9		4.5		0.2		0.04
355.6		0.8		6.5		1.2		0.25
