351.36	0.61	1.7	0.3	-4.3	1.5
352.8	0.64	1.74	0.3	-3.9	1
5.95	-1.3	1.8	0.2	12	1.5
4.24	22.51	0.17	0.05	3	1.5
15	-0.68	2.2	0.2	20	2
15.42	3.31	2	0.7	18	1
16.58	-0.35	2.9	0.9	44.6	1.3
17.06	0.7	2.2	0.2	24.2	2
18.9	2.09	2	0.2	27.6	0.5
29.05	-0.76	3.5	1.2	52.4	1
31.83	1.46	3.6	1.2	55.4	1
39.86	-1.23	2.4	0.8	48.1	1.8
53.56	0.04	1.1	0.4	24	1
59.66	-0.21	1.9	0.2	26.8	1.4
63.12	0.44	4	1.3	22.2	1
64.14	-0.47	3.2	1.1	21.3	1.3
66.83	0.87	3.9	1.4	21	1
70.15	1.71	8	2.5	-22.9	2
71.59	2.76	2.5	0.8	13.7	0.4
74.79	0.57	4.4	1.4	0	2
83.78	3.28	2.1	0.7	-4	2
84.64	0.2	0.8	0.3	0	3
87.06	-4.19	0.7	0.25	3.5	1.5
90.23	1.72	4.8	1.4	-60.9	0.5
94.57	-1.45	2.6	0.6	-43.4	1.1
94.4	-5.57	1	0.16	8	1
96.72	-15.14	0.6	0.2	-0.2	0.4
96.27	2.57	7.3	2.3	-94.7	0.4
97.56	3.16	6.2	2.3	-72.5	0.4
99.06	7.4	0.4	0.13	-13.9	0.7
102.96	-0.8	4.2	1.5	-48.5	1.5
103.72	2.18	0.9	0.3	-16.1	0.5
104.59	1.37	1.4	0.4	-20.7	0.5
105.15	7.12	0.6	0.2	-10.3	1.4
105.77	-0.15	3.3	1.1	-46.5	0.5
106.81	5.31	0.9	0.1	-8.5	1
107.28	-0.9	3.4	0.3	-41	0.5
108.34	-1.12	5.4	1.7	-53.1	1.3
108.75	-0.93	3.6	1.1	-50.4	0.5
109.17	1.47	1.4	0.4	-11.5	0.9
110.22	2.55	0.73	0.12	-10	1.5
110.11	0.05	6.4	2	-51	2
111.28	-0.66	2.5	0.4	-43	2
111.54	0.78	2.8	0.9	-56.1	1.1
111.61	0.37	3.1	1.2	-56	1
111.89	0.88	2.8	0.9	-51.9	0.7
112.19	0.22	3.5	1.1	-44.7	0.5
113.52	-0.57	2.3	0.7	-44.9	3.8
114.65	0.14	1.6	0.5	-33	1
115.79	-1.65	3.8	1.2	-40.6	1.4
117.57	2.26	2.3	0.7	-43.7	1
119.4	-0.84	2.7	0.9	-34.5	2.8
120.36	1.97	1.7	0.5	-49.6	0.5
120.63	-0.14	2.5	0.8	-34.2	0.4
123.04	-6.32	2.2	0.7	-30.4	1.1
133.71	1.21	2.1	0.2	-46	5.3
138.3	1.56	2.1	0.2	-39	1
139.99	2.09	0.8	0.3	-11.5	2
150.68	-0.77	3.3	0.8	-22.6	0.5
151.27	1.97	7.6	0.8	-30.2	0.4
151.61	-0.24	8.2	2.4	-52.2	2.4
154.65	2.46	5.9	1.8	-37.6	0.9
155.39	2.65	6	0.6	-35.3	0.3
159.15	3.27	5.2	0.8	-20.5	1.1
159.36	2.57	4.2	0.6	-24.5	1.2
160.31	-12.34	0.4	0.04	7	3
169.19	-0.9	3.5	1.1	-8.7	2.5
173.47	2.55	2.3	0.7	-18.1	0.9
173.43	3.17	1	0.3	-23	0.5
173.48	-0.05	2.3	0.7	-13.4	0.7
173.6	-1.78	3.2	0.3	-7.2	0.5
173.97	0.25	1.8	0.3	-4.3	0.7
176.24	-20.88	0.15	0.05	8.1	0.9
180.79	4.03	4.7	1.2	-6.5	1
182.36	0.19	2.1	0.7	0	0.5
188.96	0.85	3.5	0.9	2.9	1.2
189.45	4.38	1.6	0.5	-5.3	2.6
189.81	0.33	1.5	0.15	7.5	1
192.23	3.59	4.4	0.4	14.4	0.5
192.61	-0.04	2.5	0.4	7.5	0.7
192.91	-0.63	8.3	2.6	22.8	0.5
194.59	-15.74	0.45	0.14	0.3	1
196.92	-10.37	0.4	0.13	12	0.5
196.45	-1.68	3.8	1	17.5	0.7
197.8	-2.33	4.8	0.5	20.5	0.5
203.24	2.09	0.8	0.15	7	1
207.02	-1.82	1.6	0.2	14.3	0.1
208.99	-19.39	0.5	0.05	8	1.5
210.81	-2.56	9.1	2.9	49.4	2.8
211.86	-1.18	5.2	0.8	45	0.7
213.81	0.61	6.9	0.7	45.3	1.1
218.15	-0.35	3.2	0.8	27.2	0.8
218.77	1.95	3	1.2	56.7	0.8
224.1	-1.96	1.15	0.14	18.4	1
224.19	1.22	4.6	1.5	32.9	1.1
230.97	1.49	4.4	0.6	47.6	0.4
231.52	-4.33	5.8	0.9	53	0.4
232.63	1.01	2.2	0.7	16.6	0.3
233.77	-0.15	5.2	1.4	44.1	0.6
234.57	0.83	2.2	0.5	46.3	0.7
234.64	-0.21	5.5	0.8	44	1.7
239.65	-4.94	1.5	0.5	22.3	1
243.2	0.44	4.1	0.6	51	1.6
211.27	-0.35	8.7	2.8	21.4	0.5
