0.192474273974591		232.750976628417	13.2793184859869
0.367245441461001		268.451793261188	4.62794922966081
0.654067742678008		249.608503875285	10.4371010290474
0.880568756099996		233.087307492758	4.07861904833421
1.6230454660143432            213.94970858043868            5.53375908792441
2.5566561019706837            216.5923650156425            1.545377212736606
3.541093738204863            223.10659721992138            2.9699131992837633
3.408   249.074 0.917
3.851	229.043	0.532
4.352	234.123	0.141
4.841	237.956	0.044
5.365	237.592	0.019
5.759	237.226	0.01
6.335	236.921	0.005
6.932	235.564	0.003
7.478	235.1	0.002
8.597	229.969	0.001
9.165	225.902	0.003
9.688	225.83	0.004
10.193	225.692	0.007
10.694	224.723	0.012
11.19	223.799	0.022
11.682	223.938	0.042
12.179  220.775 0.095
12.670  217.487 0.204
13.151  212.951 0.705

