0.192474273974591		232.750976628417	13.2793184859869
0.367245441461001		268.451793261188	4.62794922966081
0.654067742678008		249.608503875285	10.4371010290474
0.880568756099996		233.087307492758	4.07861904833421
1.6230454660143432            213.94970858043868            5.53375908792441
2.5566561019706837            216.5923650156425            1.545377212736606
3.541093738204863            223.10659721992138            2.9699131992837633
4.53779837310047            244.69892628137393            2.1691045681162673
5.5358667984097005            246.14974483933386            1.7650481395573714
6.467911546511521            261.12234454065583            2.187704178141645
7.537243289327748            259.98345966235127            0.7109230195218075
8.281433589362448            255.31793030398185            1.3163607039213452
9.413372171358503            214.7266902815358            3.7868707645740454
10.484809335945284            242.33166658735382            13.263450158881973
11.400456710871834            246.89787398601703            14.800763095049955
12.434760825839135            271.2873459910311            18.28149428804061
13.441612732969281            244.65754135372632            10.912643021711853
14.51970600657155            213.55752582234217            15.38030331117979
15.882436058778124            306.5310939932633            25.453240735246812
18.5588937062325	      269.106292104301		  105.725294522689
