0.192474273974591	232.750976628417	0.036345257035383	13.2793184859869
0.367245441461001	268.451793261188	0.083367298264231	4.62794922966081
0.654067742678008	249.608503875285	0.066763871683029	10.4371010290474
0.880568756099996	233.087307492758	0.075977712104964	4.07861904833421
1.48250374165859	228.850186685554	0.312156120830756	7.51779241251781
1.69122974016614	197.296775938205	0.221970729987252	8.35833602175624
1.6954029162183		174.946569605038	0.198924306538432	39.2827332056918
2.48693677632806	217.486702830759	0.278160977651263	2.24550026077439
2.49842470000339	212.172463248083	0.278615609378427	6.94695734025091
2.53098295575622	203.891677758684	0.285554135403159	25.0560929402843
2.61754613744481	210.310532932277	0.293883024902821	10.5752655612614
2.64938994032094	216.542757763413	0.234400681848536	2.2993171303117
3.48005048016572	224.283488473105	0.301452746247492	13.1864205447019
3.48498237698716	213.522937141088	0.309017401739189	6.05079273556911
3.49892842014097	225.863775097075	0.29776739717739	5.46657911798241
3.51367509293449	227.944445847208	0.283259666441679	6.84330425809408
3.52386206152214	226.99916054769		0.323698220597942	6.412076217493
3.59855500229632	143.252069320728	0.339362629393958	93.4473832719541
3.68760273338724	198.381504126117	0.104852038934947	30.77486245532
4.33325684777479	224.143989933581	0.241813673111478	9.69934294826715
4.49883300589565	246.26267512591		0.284107085254244	2.77270619094768
4.51057292874465	243.519889921779	0.297144752954481	5.0612652444678
4.51927846553662	237.093548309275	0.310845589198588	14.2142811745983
4.52759559104299	248.409348735514	0.275623600038802	6.10316355928225
4.57582179806189	226.2322803157		0.307423595808356	56.0320063995409
4.7992299746467		252.053892898265	0.289770024861229	38.2617649068157
5.3034326534271		233.182476075348	0.203477241992039	6.64153223759405
5.50124599199852	246.720063425784	0.286067335740426	2.23224720119118
5.50350345261033	232.126632946843	0.369594301985981	34.3927815178127
5.5117661240545		236.586729076832	0.274241490055022	12.9758725756902
5.51303795005285	248.573148015047	0.288558254352893	3.72165912276307
5.51380012310789	263.050208484911	0.320498906937355	22.3898534036575
5.51380012310789	263.050208484911	0.320498906937355	22.3898534036575
5.52120184884594	248.004727721363	0.285661603318839	8.44180450751527
5.63380342917939	224.116118150599	0.281666543468925	77.1321911654498
5.8430762877126		210.017569309038	0.127315741386685	46.7329858939645
6.2192744273383		272.440016173307	0.169893871167062	6.21301971150357
6.2647825346401		274.31860548187		0.25155816232431	4.30920403223895
6.38774920498255	256.392680512772	0.211957896363564	37.0457583210959
6.40822776048184	244.956768832851	0.223911693427843	6.90666190556013
6.46772870421885	254.987120868407	0.306066603340888	9.46612481981767
6.48913912000448	258.153254718859	0.288317335833532	3.98170558819694
6.49140497734336	249.628347525051	0.296036932815009	9.66846759098193
6.49222659442297	253.773314470527	0.29779270030035	7.19471218088079
6.53407525766425	240.18340234474		0.292548507404175	80.2673064063351
6.58472721535352	225.648682946081	0.229544939138032	33.3979326990935
6.80769121517652	212.755341914657	0.255824995541672	21.3829620989039
7.41081422013283	252.821672001273	0.166935387334676	5.97947899701842
7.48468941096152	235.729659365391	0.263139276876927	19.2376254220317
7.50298821114138	223.709101460809	0.285829933365286	50.4983571004666
7.50347550854245	247.968326667285	0.297711465457023	3.50432959733401
7.52065682943958	248.539236155727	0.244190675995119	8.34240550464152
7.54565344816056	261.489346487169	0.463481807057501	0.759095322973215
7.57065206900475	246.390870320417	0.238022878615981	9.28329243282279
7.57338325062484	251.908086423752	0.288637836034914	4.22564147233377
7.57930489153097	248.959565016196	0.30429236956044	5.1217223977416
7.58050191796362	237.226403994435	0.240193547580533	16.7978996354373
7.63755642510273	248.645717614051	0.343170654013643	11.9357750588524
8.00507889594621	260.620673375838	0.005325339258948	4.95289227238873
8.04957567427471	252.061857427134	0.028598154155697	2.78856135041358
8.05861375389441	254.142480335344	0.026840286542587	10.6074305136529
8.06050847146681	256.715026434066	0.027405075758873	1.63145792183601
8.39256793395686	247.79418295076		0.284580665486629	12.1326215807193
8.39482774825543	204.610282032754	0.266507238179237	36.1031883058806
8.41850834125784	232.584332185813	0.295005527619036	15.8584858370835
8.45652151126699	247.422654640712	0.282469793333922	19.0716413424866
8.48379556443144	236.870453469206	0.283081371394769	15.6081316705396
8.4943379988738		248.150845480215	0.260096021879819	14.50951000632
9.01569644121105	213.637498232926	0.012528190304463	4.14946575644171
9.25470531261033	228.748731255647	0.231802794678976	60.0159754813542
9.46225501454121	240.194732369385	0.264147456906105	24.9965764611335
9.5182262688562		240.346943400276	0.306450367603828	28.050169920363
9.54417150184695	224.731995223468	0.335404002498208	38.9349319988633
9.54914073752451	230.77466020223		0.22294908212282	19.9751732541256
9.54940992291927	203.344688551049	0.113671624071389	13.6849263836107
10.3358462836001	235.646563159864	0.32208560108259	154.685547139754
10.4623937423578	223.816217532593	0.188177992367626	22.4094763373635
10.4659329860248	233.511231580705	0.263620566397239	30.5719295638233
10.5025585511755	256.112119841235	0.274857106122701	32.6558925054004
10.5323198782838	262.431952549206	0.286712669066425	29.712270663342
10.6098045742297	263.656341080768	0.178728673708255	44.2396383893527
11.193312843978		244.407160795899	0.163604616144981	24.3465678869542
11.2615996088377	210.167613770101	0.20322186602017	72.6507897733067
11.2923746299552	242.733408134661	0.214300471052757	30.2224126029999
11.5009412703305	255.979471403246	0.366088005802048	38.386053723462
11.5542257828352	265.101258831419	0.33698272428424	41.2458682715844
11.6002861292944	243.402743892133	0.320354281181696	55.2902879439125
12.2678540718067	229.205225987266	0.201442785115252	84.081042928583
12.3572468122081	268.545169420359	0.22975645725128	52.7946949440748
12.437967898525		211.458518527017	0.232058714496127	51.2900456085503
12.4558934861121	296.587929355498	0.295281326676288	45.2982208464576
12.5166775584113	300.93673630494		0.259466755008384	48.0840437442708
12.5729251279716	275.084091581794	0.119810114392989	28.9655487088678
13.1584083878168	305.473957263131	0.093661879541181	52.0492749281278
13.4623498946309	278.851936045542	0.450381821142179	98.6682995202501
13.4974577734648	240.375454275204	0.372221578357105	16.2410315792917
13.4974577734648	240.375454275204	0.372221578357105	16.2410315792917
13.5923898354691	263.62120063557		0.305796340135577	53.9841747324355
14.4481260033405	206.501416462501	0.347594175048923	16.4355585324185
14.5912860098026	263.273265088454	0.100929771087613	43.6263386899142
15.6093638404206	340.513615287806	0.646097237883792	35.556288535432
15.9433242037694	342.509153947102	0.494576136886966	74.4268252740058
15.9752618610369	216.462402361752	0.961662200298625	48.3613095896139
16.0017943298856	342.085321394692	0.529260121879777	83.2036245918145
18.5588937062325	269.106292104301	1.33303181419251	105.725294522689

