0.20	233.0	13.32
0.38	268.92	4.67
0.66	250.75	11.35
1.61	217.83	5.81
2.57	219.58	1.48
3.59	223.11	2.43
4.51	247.88	2.99
5.27	226.83	1.905
5.74	230.8	1.39
6.23	231.2	1.4
6.73	229.88	1.38
7.22	229.61	1.24
7.82	229.91	0.9
8.19	228.86	0.735
8.78	226.5	1.01
9.27	226.2	0.67
9.76	225.94	0.47
10.26	225.68	0.42
10.75	224.73	0.395
11.25	224.02	0.435
11.75	223.86	0.395
12.25	222.23	0.44
12.74	220.77	0.5
13.23	220.92	0.485
13.74	217.47	0.575
14.24	217.31	0.715
14.74	217.6	0.665
15.22	217.07	0.93
15.74	217.38	0.955
16.24	216.14	1.34
16.74	212.52	1.41
17.25	216.41	1.645
17.75	213.7	1.935
18.24	207.89	1.82
18.74	209.6	2.54
19.22	206.45	2.45
19.71	201.91	2.625
20.27	199.84	3.02
20.78	198.14	3.35
21.24	195.3	6.245
21.8	213.67	13.78
22.14	176.97	23.575
22.73	193.11	23.345
23.66	176.63	17.705
24.82	198.42	6.31
25.526154798028198        163.82386070714966        9.9793649856530848     
26.976025155287900        178.72393098259383        53.083031991804155     
29.037997201935070        189.73001204924273        15.969013865011529     
31.101356527777678        165.10937956816139        6.6911773275500668     
33.037718094437537        162.83452516708826        22.177937510246071     
34.950234342793671        146.11657543846550        10.093308377829747     
36.982133002731281        167.60043742079614        8.0934303787777306     
38.933578567455520        159.56459001781639        18.615782843319778     
40.941850592308953        179.77212218607448        26.257592706284200     
42.870617075587511        192.82258577788176        7.0659533088357005     
45.025836334357720        171.57632275925477        16.495640839357879     
46.875953770569176        165.21792949956432        20.404725178817785     
49.019566000802847        163.11867016951837        25.695032958867881     
50.920447488697810        143.48069569235543        30.917640211634613     
53.012835582691331        157.67159242212813        32.186346629076176     
54.699433988664062        126.86664333249807        43.233683891711543     
