0.20	233.0	13.32
0.38	268.92	4.67
0.66	250.75	11.35
1.61	217.83	5.81
2.57	219.58	1.48
3.59	223.11	2.43
3.851	229.043	0.532
4.352	234.123	0.141
4.841	237.956	0.044
5.365	237.592	0.019
5.759	237.226	0.01
6.335	236.921	0.005
6.932	235.564	0.003
7.478	235.1	0.002
8.597	229.969	0.001
9.165	225.902	0.003
9.688	225.83	0.004
10.193	225.692	0.007
10.694	224.723	0.012
11.19	223.799	0.022
11.682	223.938	0.042
12.179  220.775 0.095
12.670  217.487 0.204
13.151  212.951 0.705
25.526154798028198        163.82386070714966        .99793649856530848     
26.976025155287900        178.72393098259383        .53083031991804155     
29.037997201935070        189.73001204924273        .15969013865011529     
31.101356527777678        165.10937956816139        .66911773275500668     
33.037718094437537        162.83452516708826        .22177937510246071     
34.950234342793671        146.11657543846550        .10093308377829747     
36.982133002731281        167.60043742079614        .80934303787777306     
38.933578567455520        159.56459001781639        .18615782843319778     
40.941850592308953        179.77212218607448        .26257592706284200     
42.870617075587511        192.82258577788176        .70659533088357005     
45.025836334357720        171.57632275925477        .16495640839357879     
46.875953770569176        165.21792949956432        .20404725178817785     
49.019566000802847        163.11867016951837        .25695032958867881     
50.920447488697810        143.48069569235543        .30917640211634613     
53.012835582691331        157.67159242212813        .3186346629076176     
54.699433988664062        126.86664333249807        .43233683891711543     
