   25.512261257667060        156.53196536627291        8.3418582509005095     
   26.984197532326611        181.94099214495654        67.438797697099361     
   29.084214235119532        188.83004559922387        15.403037185262530     
   31.121531668849801        166.79706779908909        8.3384692344612557     
   32.997559342186221        162.65351670846348        23.555867583873653     
   34.892941322677217        148.85625703245856        8.2228835490638037     
   36.979946148730143        167.10949665702046        7.4686307709832489     
   38.932042528629069        161.45329455489554        18.689301047990497     
   40.927874213241644        178.47893888384075        26.590951578926493     
   42.835921124824303        191.52518494003323        6.2604927917339781     
   45.019275935741355        175.51352270197131        17.320953189275702     
   46.864170328492790        160.91729473418204        19.221946578710032     
   49.053797175726395        163.96157979648490        25.378088120022404     
   51.004299103874885        143.47990286415504        31.998311656437366     
   53.022135645520549        160.85444052652844        33.257457173062008     
   54.736904879796633        121.54009637739460        42.421872462151086     
