   25.526154798028198        163.82386070714966        9.9793649856530848     
   26.976025155287900        178.72393098259383        53.083031991804155     
   29.037997201935070        189.73001204924273        15.969013865011529     
   31.101356527777678        165.10937956816139        6.6911773275500668     
   33.037718094437537        162.83452516708826        22.177937510246071     
   34.950234342793671        146.11657543846550        10.093308377829747     
   36.982133002731281        167.60043742079614        8.0934303787777306     
   38.933578567455520        159.56459001781639        18.615782843319778     
   40.941850592308953        179.77212218607448        26.257592706284200     
   42.870617075587511        192.82258577788176        7.0659533088357005     
   45.025836334357720        171.57632275925477        16.495640839357879     
   46.875953770569176        165.21792949956432        20.404725178817785     
   49.019566000802847        163.11867016951837        25.695032958867881     
   50.920447488697810        143.48069569235543        30.917640211634613     
   53.012835582691331        157.67159242212813        32.186346629076176     
   54.699433988664062        126.86664333249807        43.233683891711543     
