   25.977656900252601        249.69889008687275        17.136253380481055     
   28.012977902004209        232.81670208252689        15.484904764336850     
   29.899443671866873        219.28719895933145        13.952772197484979     
   31.976562527548474        209.14259324409878        11.382585758734711     
   33.940029661995709        222.73643075888609        10.717041959057532     
   36.008823598174537        207.27982296420572        16.386877942820071     
   37.974759789076280        209.66151326828080        15.986136523120175     
   39.911884520248734        203.49788355647254        15.150993648779815     
   41.937670273366912        200.90329804706909        18.831034170962567     
   44.076490870139502        189.94188864574409        27.476587351089641     
   46.104982033200741        214.83555900061245        23.495796559632264     
   48.022166947546509        210.71292828456490        23.354415463001466     
   49.892398162333073        204.35345082980385        26.519469289050654     
   51.802530043884282        217.79877992119492        33.205448741456436     
   53.942298791553725        170.18098543262536        30.479728099338953     
   56.835481174685846        190.87522821890235        21.743915962466936     
   60.857783732834399        174.47681133092729        28.450272138956159     
   64.754271548608756        198.25518609339733        24.007170841158910     
   69.440419228901561        199.95661035006594        107.07777515684515     
   73.018788244863259        188.96641599924826        35.122161713369970     
   76.874727466723527        226.48260865378387        61.028343539869844     
   81.253400110187300        169.37742334142368        53.328562160302241     
   84.987551105768532        128.66677241355620        42.268370301416624     
   89.537857251258558        110.49888310745446        40.999666378534691     
   92.321043370304153        155.88752396287279        68.866892946139288     
   97.227214863548866        185.74456313204340        73.297109409275635     
   100.55362971003321        106.76366110761587        40.024143182668865     
   106.61721924873753        142.62537663347149        55.591311174453097     
