   25.974754299149030        253.84815637379322        17.293317408882256     
   28.005684975241060        234.65651058000475        15.746657838945019     
   29.926298391292132        222.80622198632420        14.094301701251704     
   31.986109588920662        212.88430286622494        11.871174748207171     
   33.924317292501392        222.85647607641414        11.063388775544446     
   35.998973372930763        209.66068091962643        16.702403998465453     
   37.951069860226482        210.80579392890004        15.879169135859192     
   39.903781630640161        206.48934500966925        15.095224770329914     
   41.967973872052518        204.70624409846138        18.955737846726656     
   44.053325212126111        192.21295958197101        28.541865874346446     
   46.084489916361534        213.11024282307915        22.488665458300719     
   48.057145630021282        213.63980867584800        23.695612398559607     
   49.919045757692587        192.82202370252131        24.872808948554855     
   51.772833708630685        231.15799775207810        35.915298866534037     
   53.920894552596558        173.59366727059597        29.746634443367221     
   56.890288462121319        192.25793315650657        21.773404231003937     
   60.923900259112251        168.67550614447734        28.180757322852703     
   64.732950293302380        207.33294537780546        22.969224675673896     
   69.308525967865918        203.80575956945094        98.206795020459978     
   72.963651897851946        190.37348460462036        32.253202818011978     
   76.946336588056354        223.01123344346638        61.652202953429935     
   81.125604437478643        186.47403981306664        63.643571774343656     
   84.901619979556244        122.43892941993815        37.345936475983549     
   89.627022347318245        113.76353908392393        42.296019423252069     
   92.444015888143468        154.81731297903227        68.228638275638090     
   97.405928590380753        184.15065231360316        72.593713959714307     
   100.71527398077701        108.83375734678252        40.815975238043990     
   106.77065467949643        137.29368334902685        53.246328905690632     
