1.10170851047  200.299075273
1.24729285313  215.184085987
1.4008983717  217.666066988
1.7032967033  230.071846818
1.85088633994  241.856100104
2.00008021176  251.159747448
2.31250501323  248.061740137
2.62132028555  250.545096197
2.78254592123  241.244198971
3.24336247694  248.690141975
3.40298387744  241.869850692
4.03023983316  231.952927156
4.1866527633  230.093847758
4.34386781102  226.994465389
4.67233496431  199.090398652
4.81711718938  215.215712338
5.12873987327  213.358007998
5.28354856822  213.979534543
5.44918585065  197.856970975
5.76000641694  197.239569607
6.07162910083  195.381865267
6.22764097217  194.142937355
6.53966471485  191.66508153
6.69607764498  189.806002131
6.99927809417  200.97147899
7.1560920831  198.492248106
7.15889949467  194.151187707
7.6257319323  192.294858426
7.62693510869  190.434403969
7.93855779257  188.57669963
8.09497072271  186.717620232
8.24817518248  189.819752719
8.71340338494  190.44402938
8.87061843266  187.344647011
9.02542712762  187.966173555
9.33865404668  183.627863273
9.49546803561  181.14863239
9.66030320045  166.266371793
9.80508542552  182.391685478
10.1187134034  177.433223711
10.2759284511  174.333841341
10.5859468998  174.956742944
10.9079971124  156.975099978
11.2192187375  155.737547124
11.5200128339  170.623932897
11.8332397529  166.285622615
11.9908558595  162.56608876
12.3064891313  154.506869564
12.463704179  151.407487195
12.9189059116  167.535550997
13.2369455362  155.755422888
13.3905510548  158.237403889
13.7017726799  156.999851035
14.0141974814  153.901843725
14.1706104115  152.042764326
14.1714125291  150.802461355
14.6382449667  148.946132074
14.6390470843  147.705829103
15.1066816395  144.609196851
15.2634956285  142.129965967
15.5731130184  143.373019056
16.0395443972  142.136841261
16.0403465148  140.89653829
16.0415496912  139.036083833
16.6631908238  137.801281096
16.8208069303  134.081747241
17.1324296142  132.224042902
17.4424480629  132.846944505
17.7544718056  130.36908868
17.9104836769  129.130160767
18.3769150557  127.893982972
18.6869335045  128.516884575
18.6889387984  125.416127147
18.8441485522  125.417502206
19.0001604235  124.178574293
19.310579931  124.181324411
19.7762091923  124.185449587
19.9318200048  123.56667316
20.0878318762  122.327745247
20.7094730087  121.092942511
20.8690944092  114.272651228
21.0198925162  121.095692629
21.3315152001  119.237988289
21.7983476378  117.381659008
21.9547605679  115.52257961
22.1103713804  114.903803183
22.4203898291  115.526704786
22.5772038181  113.047473903
22.8864201492  114.910678477
22.8892275608  110.569618077
23.1992460095  111.192519681
23.6640731531  112.436947828
23.9760968958  109.959092003
24.2849121681  112.442448063
24.4393198043  113.684126093
25.5261891393  113.073600018
25.5269912569  111.833297047
25.9922194594  112.457573709
26.3050453196  108.739414913
26.6126574156  113.083225429
26.9234779819  112.465824061
26.9274885698  106.264309205
27.2387101949  105.026756351
27.5487286436  105.649657954
28.0143579049  105.65378313
28.3239752948  106.896836219
28.3239752948  106.896836219
28.3239752948  106.896836219
28.4791850485  106.898211278
28.4803882249  105.037756821
28.7912087912  104.420355453
28.9456164274  105.662033483
29.2572391113  103.804329143
29.5664554424  105.667533718
29.8748696559  108.771041263
30.0296783508  109.392567808
30.3400978583  109.395317925
30.6489131307  111.878673985
30.9589315794  112.501575588
31.2689500281  113.124477191
31.5821769471  108.786166909
31.8921953958  109.409068512
32.0494104436  106.309686143
32.5158418224  105.073508348
32.51664394  103.833205376
33.137482955  103.838705611
33.2918905912  105.080383641
33.4475014037  104.461607214
33.7591240876  102.603902875
34.0699446539  101.986501507
34.5363760327  100.750323712
34.6927889629  98.8912443136
35.1600224593  96.4147635472
35.472046202  93.9369077221
35.4732493784  92.0764532652
35.9396807572  90.8402754701
35.9408839336  88.9798210132
36.2517044999  88.362419645
36.40811743  86.5033402468
36.8725435149  88.3679198799
37.1829630224  88.3706699974
37.6465869897  91.4755526017
37.8038020374  88.3761702323
38.2694312986  88.3802954084
38.7358626775  87.1441176134
39.2014919387  87.1482427895
39.3579048689  85.2891633914
39.5147188578  82.8099325075
39.6743402583  75.9896412243
39.8287478944  77.2313192543
40.2943771557  77.2354444304
40.4511911446  74.7562135466
40.7604074757  76.619418121
41.071228042  76.0020167528
41.2288441486  72.2824828977
41.6948744686  71.6664565883
42.0052939761  71.6692067057
42.1601026711  72.2907332501
42.6253308735  72.9150099119
42.7789363921  75.3969909132
43.0901580172  74.1594380593
43.4013796423  72.9218852055
43.5569904548  72.3031087786
43.5577925724  71.0628058073
44.02462501  69.2064765266
44.3362476939  67.3487721871
44.6470682602  66.731370819
45.1122964627  67.3556474808
45.2679072752  66.7368710539
45.4239191465  65.4979431413
45.7335365365  66.74099623
46.0443571028  66.1235948619
46.1983636801  67.9854243775
46.3539744927  67.3666479506
46.8204058715  66.1304701555
47.1304243202  66.7533717586
47.5960535815  66.7574969348
47.7512633352  66.7588719935
48.3713002326  68.0046751997
48.3729044678  65.5240692571
48.6833239753  65.5268193746
48.8381326702  66.1483459189
48.9941445416  64.9094180064
49.1477500602  67.3913990077
49.4581695677  67.3941491251
49.461378038  62.43293724
49.7713964867  63.0558388431
50.0798107002  66.1593463888
50.0806128178  64.9190434175
50.235020454  66.1607214475
50.5466431379  64.303017108
50.857864763  63.0654642542
51.3226919066  64.3098924017
51.6335124729  63.6924910335
51.6351167081  61.2118850909
52.0999438518  62.4563132384
52.5651720542  63.0805899002
52.7211839256  61.8416619876
53.0308013155  63.0847150764
53.0340097858  58.1235031913
53.3420229406  61.8471622226
53.5012432823  55.6470224249
53.811261731  56.269924028
53.9680757199  53.7906931442
54.1252907676  50.6913107747
54.4369134515  48.8336064353
54.4381166279  46.9731519784
54.749338253  45.7355991245
55.2157696318  44.4994213295
55.5257880805  45.1223229325
55.991016283  45.7465995944
56.1478302719  43.2673687105
56.4578487206  43.8902703136
56.6142616508  42.0311909154
57.0810940884  40.1748616347
57.5463222908  40.7991382965
58.0123526109  40.1831119871
58.323574236  38.9455591333
58.6339937435  38.9483092507
58.789604556  38.3295328238
59.2544316997  39.5739609712
59.5668565012  36.4759536605
59.7224673137  35.8571772336
60.3437073875  35.2425259829
60.4989171413  35.2439010416
60.6553300714  33.3848216434
61.2761690864  33.3903218783
61.5873907115  32.1527690245
61.7438036416  30.2936896263
62.0546242079  29.6762882581
62.5142375872  38.9826857189
62.8242560359  39.605587322
62.9786636721  40.847265352
62.9842784952  32.165144553
63.4523141092  28.4483608154
63.7631346755  27.8309594472
63.9195476057  25.971880049
64.075559477  24.7329521365
64.2311702896  24.1141757096
64.6972006096  23.4981494001
64.8516082458  24.7398274301
65.0076201171  23.5008995176
65.4744525547  21.6445702369
65.7856741798  20.407017383
66.2509023823  21.0312940448
66.4085184888  17.3117601898
66.5645303602  16.0728322772
66.8709392797  22.277097251
67.0305606802  15.4568059678
67.3417823053  14.2192531139
67.6513996952  15.4623062027
68.1170289564  15.4664313788
68.5830592765  14.8504050694
68.8930777252  15.4733066725
69.0474853614  16.7149847025
69.5139167402  15.4788069074
69.8247373065  14.8614055392
69.9807491778  13.6224776266
70.4455763215  14.8669057741
70.6015881928  13.6279778616
70.7571990054  13.0092014346
71.0684206305  11.7716485808
71.5336488329  12.3959252426
71.6888585867  12.3973003014
71.8444693992  11.7785238745
72.1552899655  11.1611225063
72.4649073554  12.404175595
72.7761289805  11.1666227412
73.2417582418  11.1707479174
73.2425603593  9.93044494609
73.3981711719  9.31166851918
73.7089917382  8.69426715099
74.1738188818  9.93869529845
74.3298307532  8.6997673859
74.7954600144  8.70389256208
75.571909842  8.09061637007
75.7267185369  8.71214291444
76.0367369856  9.33504451753
76.5023662469  9.33916969371
77.1228042031  9.96482141425
77.4332237106  9.9675715317
77.8972487367  12.4523026504
78.2064650678  14.3155072248
78.3608727039  15.5571852548
78.8265019652  15.561310431
79.2933344028  13.7049811502
79.4481430978  14.3265076946
79.6033528515  14.3278827533
79.7593647229  13.0889548408
80.0701852892  12.4715534726
80.2261971605  11.23262556
80.691425363  11.8569022219
81.1558514478  13.721481855
81.6202775327  15.586061488
81.9319002166  13.7283571486
82.2415176065  14.9714102373
82.3983315954  12.4921793535
83.0195716692  11.8775281028
83.6404106842  11.8830283377
84.2628539344  9.40792263003
84.4176626293  10.0294491744
84.7280821368  10.0321992918
85.0385016443  10.0349494093
85.3493222106  9.41754804111
85.6593406593  10.0404496442
85.969359108  10.6633512473
86.2801796743  10.0459498791
86.5905991818  10.0486999966
87.0566295019  9.43267368711
87.3654447742  11.9160297471
87.365845833  11.2958782615
87.8310740355  11.9201549233
88.2975054143  10.6839771282
88.607523863  11.3068787313
88.9187454881  10.0693258775
89.230368172  8.211621538
89.696398492  7.59559522855
