2.76814582996189            101.40420756682038
3.0026992544875903            92.06602526718258
3.4718557178295786            173.20024654751086
3.6042787778807046            105.40056815628435
3.7527498470988054            43.95816895720008
3.773455370208659            312.7501765209385
3.98629104627256            132.13723047524942
4.151020409573989            83.20492227572731
4.226655384253771            236.16322702583108
4.25509147752575            195.4651159623755
4.338231397710472            241.7650113036529
4.381301777668103            183.19255725470515
4.712491374060927            238.2775194327161
4.73198351854936            283.1047149866608
4.794950125182481            273.9965338931335
4.827872561341949            244.47331156756817
4.953926006980425            264.7812876723228
4.96051574583357            244.13088209800375
5.102663536098775            70.09363528965902
5.108335328747815            267.77302986733207
5.251676685356719            192.08379630376396
5.286264792713516            198.31910546562838
5.314699195031984            298.80206485892376
5.347478701256271            179.5683615428037
5.351847585795964            266.41847464526035
5.353370378873478            319.86308375263746
5.366373986505764            267.9654708241972
5.42514518092898            398.1003388733638
5.5397538269427855            107.17419741669801
5.588237546879982            311.12234208423496
5.66722504783451            219.63546800528712
5.682566127498701            309.54095719169993
5.711612799579596            204.41051805680937
5.723686122060445            223.03306187057322
5.774144661145002            217.59745787457177
5.801041425656113            87.61629051305916
5.822960577421602            132.55003762477835
5.830451292421069            277.82697046002613
5.86444640272761            143.29362502056316
5.86697995517955            260.1771597728487
5.8882614507557225            187.5970213856049
5.896147581628701            350.88819425136273
5.910004829203527            190.76207636143528
5.9371702256229835            182.67738346925952
5.977710018054131            217.57372584414495
5.992076297735548            185.51371350424412
5.9979678865455215            231.3898642366067
6.021537004591647            159.13296572560174
6.0509464447692265            193.11433163235918
6.066054558349489            243.40483261804374
6.126678624920885            541.798188503844
6.144559059443702            223.7596196132289
6.154154537225476            290.79385650647896
6.222271658698357            220.16701829445753
6.229088336561663            223.20867789710465
6.2330630913328795            149.72178936981788
6.256937034941431            213.7018027075726
6.304325501586506            175.6254111796186
6.304375359658233            254.9028070885106
6.346434419643229            185.11449653506511
6.355786983268821            223.96318226483424
6.363426462437613            287.55259720596115
6.378083631052965            352.2486907549858
6.41433533098283            334.210809888845
6.418595574167449            197.95426389062493
6.435615983450598            137.74105386909255
6.5241344885726775            198.61897177327174
6.608819574404365            215.45852077934072
6.62574551987328            223.97681370927594
6.647537233791279            264.18246146277113
6.6660194779949276            403.49954350546915
6.690839390435328            90.35868884826283
6.711484000947283            243.49449466893725
6.7288329936904026            219.29047070983341
6.746858526403782            280.16471439867297
6.753043484940302            330.19746685137426
6.757987691519725            154.13563727765163
6.758660456790745            270.6744677799799
6.765289723954721            192.28628583876008
6.767094311879909            241.1014337455665
6.845025791862007            222.05444812583661
6.847089112783119            361.792332533313
6.852251855825555            136.08527608685213
6.90279580454557            250.60938399910717
6.9444588020227265            215.62228391351613
6.967996493966801            225.06351607793454
6.975094130590102            280.0727603279044
6.983757100356675            220.66312817466627
7.01018359798493            263.0119366236978
7.06842332963956            269.84306587534473
7.0715512856473515            208.93754972542072
7.079031338315079            240.0810232297994
7.081492833223492            206.877216352814
7.1302440091667165            184.58400395421285
7.139113323906607            261.3650553923162
7.14732234821894            230.79688922314216
7.150377426477339            74.32612604202453
7.171283219296753            265.4483512945603
7.17463203924658            186.56908936026812
7.184456117347825            163.76788812762953
7.224330227749528            241.35627284819196
7.245582288997753            216.92344563402477
7.250980666367475            301.9301279543189
7.26129924201557            204.61416287194544
7.262662654668555            256.6744138481179
7.306268695819205            273.3467242598949
7.313039047631698            229.21413233279648
7.392495105797344            257.82437238871984
7.398291646853776            445.95689321850654
7.40750778294949            266.0097375682562
7.410899765737765            220.56252225601511
7.445380092897254            243.04379611507684
7.4663084544567395            213.09263308487274
7.518836596855033            182.5849505910801
7.542971674408329            164.4854542099138
7.546544539147134            240.81355742882042
7.55131259246135            208.14953590327758
7.554942522751444            285.04097104308875
7.559293999957024            229.296713376136
7.569910975016372            214.99643072742137
7.587695559217974            238.99420932363714
7.588380223046788            196.74713256938188
7.608622132870238            224.83126709060176
7.6601796236467266            221.79078207844188
7.676449138170808            154.83285924605974
7.680268216747832            165.73724000364817
7.686961905907265            237.45171210032996
7.695458027196271            178.50564071542092
7.75724526624508            247.2471769736603
7.764942733820655            255.8394648112484
7.784940892957195            160.15734111590703
7.789293344871564            251.76404088170895
7.795163913835191            213.91334308871131
7.813073001149449            226.20806748495926
7.819357311221225            197.7348461318774
7.849609938531303            214.0701917786047
7.85467397846621            210.62272174292482
7.88545275259987            139.40700566915237
7.903599171508557            198.85498093856884
7.919944909751346            226.57371594218867
7.95117328582421            208.50546174701955
7.968747508895231            218.71214524331234
7.98614933528496            263.97419080542215
8.01848196907111            229.84232298003386
8.036864019788245            210.66832470707493
8.040249521404307            240.00372880159978
8.05919335092491            254.24510685666246
8.08605375786516            251.44776524162563
8.125374589483593            206.35989569335297
8.127997493889577            228.90710893542757
8.137248916847529            209.00091769968392
8.154556033936487            197.1797405290161
8.19333766536927            171.84081542509824
8.210850796892673            224.0929589999855
8.224091113740972            236.2525879806535
8.251891495052927            260.51633878496926
8.263574528132683            223.69360919438463
8.289587031548443            241.39305449591723
8.33279852197734            181.37313689566375
8.360375271711844            184.67866198393517
8.370468835883031            205.48022906654117
8.413626528157042            241.33972443213207
8.419576592100263            135.49520644428853
8.424016357759713            111.03922279227987
8.489985610323851            215.67257405064734
8.512448528122814            228.26532307122386
8.56021710740929            245.486627104982
8.573921174652579            157.2743813779579
8.616486682469548            199.84179207439823
8.64408110685129            234.95703779158256
8.699548591807407            160.61918235670612
8.708043643321439            155.3987704601467
8.714018081232867            194.71043935658045
8.768076664635329            191.3650246703545
8.774466015487192            180.56464696294222
8.84301928067642            171.64150839895734
8.97961656215743            176.1018234968322
9.00335267712843            327.8476291878194
9.008029518471725            223.33656599759888
9.032453735616837            158.83007157727658
9.0817414187158            242.78629365767378
9.088950161552223            232.20625472925158
9.09030068857805            177.29666804987917
9.090562245872814            121.96715245480331
9.108339198334843            240.10489226270238
9.145972322313414            226.52617812415923
9.173388628768176            199.83227834262033
9.302892986348128            248.26343904404024
9.345719534955043            257.7202767562718
9.475799377966514            370.04591318993226
9.533816800361592            272.106982588596
9.569660429477885            165.3322093627543
9.60525567305808            216.34027803911607
9.673754916856018            208.18534798150773
10.008406049194607            233.223040473501
10.041219734367157            216.86701540476557
10.082845643014664            142.23896538200296
10.136022052052782            121.37157115217533
10.290491479226443            143.7802901459576
10.639941477750664            602.0125390572043
10.726165328730424            241.5385888888621
10.761678504464014            184.14049477444493
11.06000381529757            246.4993624526565
11.065419406466267            228.5071597606313
11.246267381674082            224.61133107557376
11.401560772474173            278.01078989473365
12.488206583629541            254.60235566896452
12.657643672313577            295.5658274946238
13.687116983923564            492.40888306903565
