1.3541001502280596            189.4986833329713
1.3550715022639332            189.52439446378145
1.5155862052782618            222.2532455534508
1.5346859330843914            197.97739631593745
1.5820644320226478            196.621329660913
1.7001871646318816            196.96756975068647
1.798500507112857            193.9206704560688
1.8017505627710784            197.01896634920448
1.814098971475205            194.40540419614626
1.8494096482534066            195.4714138581044
1.994566938558322            196.9497409074608
1.9947348663136066            196.9524964137397
2.0259704588209937            228.6100491423483
2.118765472300055            200.89781267561312
2.15441549313842            226.31053761226042
2.172113917980485            202.4404620045071
2.400374938401802            203.54445221500214
2.5905277868737713            230.50884341346557
2.6643437336954245            205.88263885646037
2.6828607147784913            206.37562951656
2.686354790741903            206.5620184841971
2.7073382666653942            207.20285950117753
2.711040948211273            204.29971967495354
2.7392999160079525            202.2552415495479
2.771524490039086            203.24854554535995
2.8792337232117564            233.38671323658977
2.879990881177836            209.6369266679033
2.882223975507548            203.88112273960581
2.883771523942358            206.79235051240923
2.8876004622045714            206.91371285782714
2.895625117752257            207.15048950748434
3.008832847973025            210.76992057883623
3.0280675328235485            208.40690524740864
3.034880566842146            205.77323787877597
3.041841957611749            208.95213959666825
3.0532214071223196            206.32562446718046
3.0577125413447974            209.44670580977922
3.058806809940628            209.38254055314968
3.0988589795760872            210.6364597449805
3.208607619434795            211.23282954011412
3.2238151364659235            211.61793231246102
3.3329863314047175            212.2462397482781
3.5194529645439587            212.27574103415895
3.5207387154093            212.31506144870514
3.528286107246066            209.94780672344575
3.5413250680874224            213.07297971693453
3.5431194454315205            213.1416677962311
3.5475427349571427            213.2973359237481
3.55060655688524            213.39475622234949
3.569292119481448            214.01188637729112
3.5841749192664096            211.65601763334405
3.589989056491749            211.81438017586723
3.6994244583616442            218.11881069165128
3.720684033564756            216.01316499420028
3.738068506063066            213.76841811583225
3.748993605961876            213.99465136638366
3.7652547040943043            211.86954283249625
3.7731725310119484            217.57522014484547
3.8028153579203843            215.75845250991765
3.89350361342375            218.74653938589893
3.909283920105309            241.29910574318782
3.911087961975294            219.2612131810577
3.914987952766647            216.61070101964094
4.0038884911437815            216.60264687297288
4.088032161988656            219.27660662301233
4.09042089240288            219.35161278051285
4.174062033791459            216.5979829944849
4.2122525510459585            220.44163536331848
4.274272774916679            219.81918486436987
4.285389615379445            222.82629316544904
4.317017111365273            218.47209198710422
4.425234583590675            221.90378763446833
4.473302279796615            247.23766648985105
4.50964105873173            243.03188146755463
4.599824242248035            222.27808117984287
4.879001224671077            226.03239771360836
5.055370646147044            229.3798385974652
5.118597334653574            228.7699596595082
5.120294603648137            228.94896833985086
5.178058103122837            247.83164196729254
5.1947692915244135            248.32636311265327
5.1991177674942906            228.96647916344037
5.210431928739097            226.97699955705778
5.275055883101122            231.5209948252401
5.318325422933083            230.5531064483424
5.321832591446019            230.6743681264265
5.429709222095842            231.67057983305318
5.461092682745767            232.6036367687601
5.556038977017913            233.5182647249298
5.809362693310219            234.81346393084502
6.022738674483062            239.70083250773087
6.0547490769959476            238.63764463100114
6.28758211285            241.96260519451462
6.381032952221671            241.240673037855
6.3818549260229895            241.26746564350083
6.404701652835115            242.19898850079196
6.445720430946061            256.92445240577575
6.5855755996152805            244.12288487731925
6.5892807402989035            244.21739931831524
6.596002037268343            244.43756083583864
6.741267161762877            259.81395020871554
7.072310440977383            261.0877324082991
7.2235772946608465            262.4659425301069
7.930839356382019            260.7283888752922
7.955886700621992            261.67532213497725
