1.8803342086720323            224.25586064277275
2.082933160536162            215.0122284234562
2.366637330106205            213.09210727529677
2.447518256835105            219.32534192409815
2.4878586241710696            215.69348220089296
2.52813078560612            215.05926026229798
2.5683336370586067            216.14264305129865
2.6084660763470486            213.38359757654788
2.6498611230210036            215.86199792029592
2.6898469999399097            215.7679135112512
2.7297591333445457            216.42130117567905
2.7709230372531994            215.3917779490113
2.8106818532657405            215.9099246741475
2.851684998555539            219.55491615189317
2.8926046645807655            217.04706676950354
2.9321237297151463            219.9470545977488
2.9728756347988075            221.07351075118572
3.013540512924098            213.6970201149699
3.054117173681095            218.84754716523756
3.0946044292423194            221.66505646542822
3.1350010943975133            219.62951266732208
3.1753059865883277            219.3508805120746
3.2155179259429474            216.5791248312488
3.255635735310625            220.43421054784477
3.296947688868857            225.634497245692
3.3368705862636054            230.58305617270503
3.377978846085434            226.5965312700145
3.4177020047716367            223.33841970896393
3.4586016008094265            224.4449352858397
3.4993933135773676            227.68785948830288
3.5388062056340304            227.81941932267836
3.5793818079964463            229.5051625476309
3.619845759623087            227.35720240913562
3.660196798332322            226.92550141227244
3.701689214181097            226.3672896661489
3.741807027369965            228.81787510233383
3.781808123334982            228.62460674143918
3.8229356877906464            232.21434824517135
3.862695864468189            233.47313802510132
3.9035723383779954            233.98461112894395
3.9443193200768145            229.8018266896894
3.9849354578754017            233.21474466068355
4.0241945733356            239.46706862932226
4.065769816761843            242.62752836093804
4.105985356352096            244.38731471499412
4.14606468913587            244.8926447315233
4.198082705671291            247.17041416990745
4.227013388552026            247.84535285450886
4.2678714428761735            245.82237011336528
4.30738408107853            239.78920226643513
4.34794460988577            240.4065251118399
4.388352031604631            242.1288656973844
4.429786478054732            241.67102661747572
4.469878814266415            252.82312726739005
4.509813749638836            249.1401190078812
4.550757345597777            255.0163479246147
4.591531127689595            246.7570740582047
4.6309758960602405            235.64818203866744
4.671410451878764            234.61792878963826
4.712818407838228            236.75578873965816
4.7528977837307185            238.85405776192363
4.7927998027809515            238.91660205917267
4.833655281148973            243.346629134811
4.8743199350830375            242.12050602108053
4.9147921592122366            242.788185585766
4.955070355762465            248.8596209413119
4.995152934619484            246.1447654466732
5.036143410398342            247.8459486695719
5.076923869026194            248.48038760021842
5.11639895579586            247.24602367896628
5.157847941154476            250.08883362620983
5.197988179960881            248.20274195266632
5.237911652368962            246.48970845321261
5.278686755610583            243.82093769248522
5.319229667400076            248.0047410736823
5.3595386043928315            245.97106652532486
5.399611793535996            246.54986230486267
5.4404925560934            244.93153243966273
5.481121249038841            245.045162025507
5.521495989958411            241.34069622231473
5.561614908204337            243.448080565082
5.60249482323613            244.29687518750242
5.64310168057418            246.50698182130913
5.683433501097547            247.98834294976976
5.723488319090199            250.65090148239523
5.764254988015487            247.79332924315952
5.80472649267417            248.66638870127912
5.8449007606836            247.83001978910673
5.885744539036428            247.52219372619803
5.926272051189894            248.50434771566745
5.966481119427627            244.05641877267345
6.006369583144608            247.75834445417365
6.046873388581744            249.41712171999177
6.087966570906844            253.45193594764837
6.127778952247578            260.088865458996
6.169073444620728            262.11747119283007
6.209082352841724            243.35805447533434
6.249621786153923            245.03284329841148
6.289775713356005            258.7054825255362
6.330420919668137            259.08110434754565
6.370658087939432            261.36388116723595
6.411345839211607            264.408374160145
6.451602173518175            265.00930167693843
6.492266926767884            267.52063502939376
6.532476030371546            261.3376572314104
6.573049905200036            245.84373064339556
6.613956239975606            248.53784986508995
6.6543588963765306            249.1461764606211
6.694254797584098            250.67862298047282
6.7352057034234525            250.6094290865232
6.775601843940927            249.78287042101556
6.8162005168995305            251.72033459126737
6.856215951960929            250.3595636724675
6.896383003389854            256.76124454714386
6.937390648606647            244.13463178735
6.977735583886712            248.10733502224338
7.01811641652775            247.82891198972655
7.058492697218928            252.41811395969413
7.098822982186886            244.0936625493987
7.139728904762899            252.98271999824695
7.179825559977992            250.00659368649966
7.220382535122001            251.29041802642098
7.260689396421183            248.50429793848747
7.301306969837984            249.8135123980252
7.341548994537636            245.50892230685255
7.381942927659834            248.82477557471063
7.4223900668304115            247.98803244827764
7.462788141749447            243.49554636058588
7.503559195887156            248.39830871020195
7.544030328467347            247.91761408404687
7.584578141990808            252.19305843073624
7.625026546900965            247.6792327179755
7.6651917106599265            248.1904963915044
7.70574246900918            243.5734339634619
7.746345266045164            243.74780749351788
7.786646010458971            245.8427626165356
7.826984634872636            243.25479635065716
7.867460432160048            242.66302950326352
7.907890872145027            245.25796125974102
7.948549966562792            254.85820731664282
7.988846545568408            252.87595060692504
8.029353725541803            254.03366806776592
8.069797623007625            250.0900467865016
