5.30985532304606            245.17815758401784
5.374712726061698            291.83336913831005
5.378408810193572            245.41865451838387
5.992223633130244            269.770652698932
6.021645147632191            271.53815220305785
6.188027195711668            271.8983976460711
6.232802247521054            280.70020260976787
6.616655547695497            273.13766946858254
7.191045917570807            254.20945429241752
7.224028913295126            246.83030930485202
7.241440961962678            237.89412832651036
7.244086626229875            250.95195970136126
7.248270532262223            242.01476890544694
7.248680542188495            245.4054901623022
7.255715775079476            246.08895837769415
7.287306959868645            247.55700977177003
7.3163817022655016            256.26241390190125
7.324789100840204            250.51882788127887
7.37192590022028            245.12441800768985
7.458074397933224            246.17049764644784
7.462059614515499            240.5019517656375
7.4719010265493635            252.65500248424226
7.489087670192046            262.789080455582
7.500271711129607            260.46782786089545
7.5433783410747415            249.3012343741205
7.545992118829035            248.0192647798152
7.562005519075402            247.36737821785792
7.585670540318861            245.6581335795555
7.590146842580304            240.09273500500026
7.624516574175732            240.63758130567575
7.642710572651959            243.26655721732524
7.6615060406342295            244.83067677700726
7.67617904862629            250.83621608929084
7.7590642839912185            240.61437962055115
7.768553187963171            254.49901425177268
7.769290416484291            246.76615469513453
7.773881468529361            246.21646830470445
7.796029689841761            219.1911992198587
7.824399712330362            236.53001603606612
7.845533329119146            216.39097852081062
7.856434529112521            247.936977606715
7.873244772400993            260.06963033697184
7.888190733535553            240.73570430021854
7.903908583809108            255.69718742810625
7.906408119036029            256.0753363982755
7.952666845957413            246.67814926497311
8.054747567041755            245.8309547158141
8.059265116835828            236.05128088808618
8.06115905422251            243.417627314668
8.084313478846443            249.21694159529605
8.0898432181702            241.8151020431866
8.095978526408112            245.0609033086202
8.107873305370635            248.12915469446338
8.112750793987782            244.68676634999576
8.117673123588352            238.29248222105304
8.121440065334385            245.38546153592787
8.12521065260055            247.98373024820202
8.128947979100026            246.37405525679915
8.131995196520615            250.22483935261468
8.132858007334908            247.55325727886273
8.134390017174931            244.77317782532853
8.146591883488556            243.17802327783062
8.152487205335651            245.57304614675988
8.153672176971645            256.1103936809875
8.154058234083308            240.93411802557603
8.161868350074407            232.88029539882697
8.16681842116423            246.80460953883633
8.168925818599543            242.29547734463682
8.177800762822626            241.85773677499336
8.178026521816438            244.98526419409367
8.184286118014377            242.99222479547365
8.190090805365667            241.7162161981417
8.208463160558818            242.8002622270176
8.215608659492899            242.96996031834115
8.220302860352186            242.68048864279186
8.226428863410838            256.5938955037281
8.228745258409807            246.61687155622786
8.265601050649416            238.07691326241883
8.268436725367655            238.6680730379617
8.269594513205602            250.41811247270854
8.26977617357133            244.17219401220336
8.306845811810353            246.95262180437064
8.319570686347197            248.3886429200218
8.323242482954015            246.26297938152547
8.329775915904161            249.29922107207753
8.335768770079477            246.3374708542409
8.349143887724159            234.0951408793728
8.355598724639504            247.75527066231354
8.370079270332289            239.44051825091262
8.393116478849203            243.0505638840493
8.45893539848567            241.93348698838852
8.467208379679809            256.3926007350447
8.505617895627129            266.66961677769336
8.509858657059038            310.6870935924681
8.550520315649571            234.35616152374806
8.566253818744206            252.10776749637088
8.569243961999717            251.47739065479834
8.590101282009243            254.7942414179464
8.61827407194463            253.61164940734272
8.644425533080575            262.5179949212897
8.651164520654104            245.95284237627433
8.692212043482964            216.1946489758585
8.717504261989951            231.81528865095706
8.768166944410291            255.68164132359544
8.80389641647696            256.44946632446545
8.830235659951326            276.43967119903203
8.835011161319091            239.29822738210572
8.841246562681217            251.5909565176177
8.847931362849714            262.2713229921363
8.858164388007568            262.4144180140708
8.867751653353833            251.11954710902617
8.877233047112462            224.3525448176251
8.890371271265112            265.9447500938333
8.938625736177308            250.95295259633048
8.951168160830855            255.80564364050989
8.979461178205053            256.0585402773216
9.051442136793293            248.80536605334692
9.056680080882291            237.95857809697787
9.068013378322775            204.12590099949105
9.07628719344984            247.29246077114203
9.09526039101466            212.53481791705158
9.096723053253957            297.6862147648117
9.143568465592441            275.60446179006215
9.244359586061732            257.9278052257258
9.25136753415659            219.5165940479449
9.258591547207839            266.8470745665039
9.293904072712232            224.33773972254974
9.315546618296915            253.09019135897023
9.336208153640175            247.4163157229746
9.377649222911046            221.4364071612554
9.400480669713518            217.4147031385002
9.422259018870788            215.56499113374304
9.461464376800343            235.2813023060563
9.482536618771855            212.44522291652876
9.495285383217732            252.96576469051288
9.49603919378359            217.81123050530326
9.502614336050744            305.2023084087383
9.531484899571263            228.9991785597555
9.54233496778341            279.09914734646924
9.542880964313062            261.825050408945
9.607650792557875            236.92710624609802
9.660744668451438            205.14365414354143
9.661474187427839            238.04294069370937
9.671082906277348            216.68290542877506
9.672475055059047            266.5261447781815
9.704630332760795            239.7478904710589
9.74551067171571            228.6976507192334
9.757802057984975            211.11396160072718
9.855223254648287            229.89365352760825
9.891591238846358            258.4309738133664
9.915831758285503            237.05953076428713
9.954181736296306            237.55512549791385
10.032139222991056            281.01835221123804
10.188806918069467            247.218293620028
10.259765295453388            254.99472192512565
10.325459974276995            249.0547596413075
10.333157023509978            263.0432834556885
10.508770316320307            253.94164646704803
10.543831357400794            340.3308773520821
10.595317285094            220.89991258065635
10.72361434707188            251.51489806044577
10.789041237183156            288.0755218049938
10.814306947238883            229.28403374666127
10.896496492949089            263.44659701653933
10.909452000130857            268.7924852578621
11.049152053787914            254.11536965845505
11.085399051062826            246.26454482250853
11.126394883230182            236.81754749346285
11.212080148275005            261.0514752497294
11.46811515532349            212.04248272856464
11.546137426735546            200.8185304342316
11.782089410246817            323.8389158624205
11.83020237020135            306.83446211836207
11.916865186433375            276.1521817122036
11.992977018008236            241.8592039525249
12.107139335104236            221.07141361470227
12.401064583207903            283.6411879237727
12.416600467084066            348.08210029419126
12.630996867589884            332.5507221203163
12.741077689390496            337.4443927203824
12.803186408091285            282.83060115627234
13.072815004404388            258.82035214925116
13.652265747313814            228.21865471640274
13.767292568676199            234.08735595995793
14.346057776414524            320.7223245395499
15.195594335627554            306.62595049013277
15.650973573188312            344.628316709156
15.792566676420494            225.3742304169947
16.169417338568973            445.65821963760294
16.285613390763007            387.64815730142055
16.565779908048018            345.1200491273074
