0.155548501273411            216.1238519361413
0.17610026930975597            231.6328144040912
0.19778313087692403            234.77300945013252
0.24046519443827413            248.47423072330258
0.2612943998973461            260.890557991173
0.282348247094488            270.83302130326524
0.32643044346748223            269.07231231942035
0.3699938127986621            272.87690275251015
0.3927330956390564            264.2655374902592
0.45770895638792236            273.6812832020066
0.48020913494204936            267.5429377696838
0.5685891706790847            260.3038415177897
0.5906174682145857            259.1119899864726
0.6127542956240417            256.6830392339574
0.6589893689955039            230.1789684131608
0.6793621440359965            246.92105260198423
0.7231966935078673            246.39016513300479
0.7449650576889747            247.67047024062782
0.76825005291586            232.2524931124513
0.8119271746252272            232.95647712103911
0.8556930237303799            232.42251297137554
0.8775946841888147            231.8458978377499
0.9213783225355656            230.691824038574
0.9433162178922624            229.495904104848
0.9858218168118644            241.94604326326774
1.007794776536682            240.130786364622
1.0081880860386216            235.80161014080954
1.0735554479534068            235.9200367433076
1.073723830321476            234.0646681779273
1.1173187062975565            233.5235554661242
1.1391879268283533            232.3248148422751
1.1606003187248957            236.07341122588318
1.225570746327938            238.65872586681962
1.2475082172201684            236.22132692135742
1.2691007332618605            237.4943449231571
1.3127607160973478            234.47309691558317
1.3346040026910877            232.65267200522916
1.3575538126611113            218.46249989672097
1.3777024125272896            235.19535021005157
1.4213180704198063            231.55177588246823
1.443165731031716            229.1109109814606
1.4862159848678822            231.03115551742442
1.5308909165854405            214.39546611950755
1.5740177629470444            214.45688741213914
1.6156555179665824            230.59707900319415
1.6589669557579998            227.56264120503792
1.6807426450566745            224.49852713365246
1.7243110287492909            217.7504012448185
1.7459927395527701            215.30335303308814
1.8086954267406046            233.31746000577263
1.852436930301173            222.85261272081618
1.8735426712168792            225.96910497285074
1.916263776900388            226.01564434179974
1.9590931725289666            224.2046453565234
1.980513558536826            222.9891133541093
1.9806233687684542            221.75210926764865
2.0444663602270294            221.81335045615577
2.0445759405012813            220.57633815329484
2.1083923148517396            219.39571284282712
2.129760910710818            217.557876075255
2.171904592894975            220.065649787701
2.235272935199625            220.7305041841387
2.2353817827442084            219.4934659499199
2.235545053239622            217.63790856920878
2.3197679871714945            218.92857700407635
2.341079571863006            215.84786638100766
2.383162396124179            215.25135329140952
2.424958627186741            217.1265164961446
2.4669535201851485            215.90653074612246
2.4879236084093814            215.29558890127873
2.550507613758246            215.9330833005779
2.592011469146583            217.79812046166717
2.592279683036288            214.7053890761079
2.613029779224097            215.3276472379735
2.6338677868096942            214.7121462112701
2.67527129413411            215.95333850494347
2.737228937673797            217.81006477082656
2.7578947508215683            217.80904526120304
2.7785934046989857            217.18876857661118
2.8608626611940426            218.41199879425577
2.8819333311783337            212.22103003214997
2.901818746296588            219.6379090251166
2.9428479015759303            219.0051963392381
3.004149164427696            218.978456334369
3.024643844514989            217.73088119964555
3.0450110559893426            217.71971727006863
3.085520904014486            219.55088087816804
3.105977326261129            217.68165722522158
3.146246354128178            220.74541405485243
3.14661154339327            216.41523954309463
3.1868921959721748            218.2386848948705
3.2471119303703277            221.2772689697105
3.2874158947494347            219.9997621909904
3.3272094298463752            223.66791117115568
3.3470700233306725            225.50077613235797
3.486172017506016            229.02837192661283
3.4862742187051685            227.79110769472894
3.545435138628657            230.1740045049732
3.5850845630686825            227.63400938049162
3.6239689564715816            233.13289158731965
3.663152821006567            233.67909478814545
3.663657717254913            227.4925709470382
3.7027827297030735            227.41650368789345
3.7416478698590176            229.1928104743695
3.7998148189587098            230.92247510996734
3.838353905093064            233.30834272873213
3.838353905093064            233.30834272873213
3.838353905093064            233.30834272873213
3.8576312621804094            233.88121840619132
3.8577805886690033            232.02519055225747
3.896299423816426            232.54944690772678
3.9153920280936525            234.3568712585758
3.9538376267839546            233.63809500100953
3.9918707442031245            236.62763670038092
4.0296893887853225            240.85076014671307
4.048628535035192            242.0328379766299
4.086515765705139            243.15667342339884
4.124088175619287            246.7514252411095
4.161686462873147            248.48611164574842
4.199162907820713            250.21681681113688
4.2369023488682345            246.99369876112965
4.274130531833031            248.71630222390354
4.292961756293845            246.17303876304166
4.34864018017163            246.58056224098593
4.348735682655445            245.3430778801275
4.422397533399409            247.52182228679348
4.440637532544508            249.30139383083667
4.458987032695102            249.22364259174253
4.4956343063142885            248.4461687474133
4.532054778660948            248.90191987832088
4.586458402999912            249.26804109705765
4.604634219280381            247.94407761866515
4.658723753567906            247.05945334993362
4.69467304182098            245.63908470814613
4.694811394966282            243.7826992777732
4.748289736813644            244.11889011156632
4.74842728071833            242.2624785450614
4.783889140574722            242.6872211976238
4.801681279801976            241.35085970622112
4.854298866131666            244.76069416401816
4.889290512602313            245.79055990627072
4.941284385001858            250.42086735478048
4.9588422374187004            247.83639916522856
5.0106243917141144            249.35850507099096
5.062163969854488            249.63226378201435
5.113280304672297            251.13298829939336
5.13037556054578            249.7742173517834
5.147476269181054            247.79534721972806
5.164843527848455            241.48310528355674
5.18160537216435            243.21501591997907
5.231923786147216            244.69016572934646
5.2487923377705865            242.70385987777328
5.281939556410736            245.53535739784718
5.315103703155568            245.88631432339668
5.331861425589694            242.65592320097022
5.3811731978353885            243.47861029725422
5.413822078830943            244.43337587968395
5.430045010300317            245.52778677298878
5.478558818781414            247.56554169419965
5.494497578597003            250.51169021312302
5.526670070375867            250.2107297524888
5.558679498662695            249.90457492752964
5.574622768667492            249.74954103450014
5.574704844048759            248.5116251007939
5.622286828645346            248.03863616178532
5.65384149411835            247.09774538553881
5.685148337900565            247.3895010937558
5.731694707307198            249.36463809282577
5.747179478393266            249.1950274003153
5.7626616020815            248.40507180344792
5.793260403651477            250.53512502573753
5.823807952347178            250.80277226946168
5.838880327625612            253.10111711760962
5.85406685956516            252.92204463108249
5.899328173555261            252.9956326666476
5.929195474564015            254.4822380707053
5.973727954698954            255.77326040211398
5.988484586241734            256.20083127626793
6.046995348520656            259.13531477288495
6.047145819172726            256.65904904414845
6.076172538135298            257.49880674139905
6.090581796088941            258.53565136992427
6.105058059598346            257.7138484791934
6.11926681655291            260.6051241075523
6.147846763369581            261.43077077169085
6.148141222535753            256.47803457997355
6.176502269745264            257.91702613524774
6.20453713085105            261.8267399244344
6.204609809328515            260.5885263368413
6.218577751305796            262.2316960133912
6.246629943891741            261.1799348955359
6.274461609080515            260.74147545969765
6.315684797774873            263.16852705122403
6.343018172663103            263.33462497849166
6.3431587646282885            260.85804768287437
6.383685376277979            263.2631707867871
6.423826257767197            265.03591031481153
6.437192597959752            264.17913598989554
6.463577670726798            266.17615621212525
6.463850104398649            261.22272644892524
6.4899092370939675            265.6905002831855
6.503306420753669            259.87270524612825
6.529247935477793            261.23554394529083
6.542296957921493            259.12830514826334
6.555330159004457            256.400322215458
6.5810178592835715            255.27420441131662
6.5811166628149325            253.41656279223295
6.606576254228336            252.90353642022873
6.644367616415034            252.74176296872594
6.669242590727896            254.07114821019223
6.706204557246327            255.7441227897222
6.718563776426243            253.61525894077315
6.742849545025717            254.9261906722118
6.755027509969668            253.41189787896715
6.7910743515405585            252.57524675092932
6.826548814645542            254.2016698488067
6.861633198879861            254.57541169637065
6.884810385195356            253.99094514993055
6.90772548651828            254.6387780082376
6.919136387174299            254.34099520261572
6.952917786475604            256.5347700580192
6.975366296402279            254.06682766798977
6.986469990606768            253.75945794600463
7.03028455965701            254.37198599578824
7.04110228903395            254.67594127843438
7.0519516048391075            253.1201586620599
7.094495967343429            254.3133422038949
7.11550998299877            253.6614135072187
7.125991919215006            252.0941888952875
7.146663711152492            252.05184722372906
7.176845675109076            262.19659282016136
7.196943321923825            263.37686859012706
7.206874576244648            264.89370906615346
7.207234726945289            256.22156352575684
7.23701217868126            253.32871447089255
7.256520547465956            253.2501965195048
7.266256926187924            251.65978902995755
7.275914396484767            250.68716865817075
7.2854933025223865            250.33234634223527
7.313858898031806            250.4968323624045
7.323150511245555            251.99380421370353
7.332484643629929            251.01114625443677
7.360090057345899            249.91156749869057
7.378222331307089            249.17009935510606
7.4049211806428366            250.5233554581217
7.413855934524288            247.04736579324043
7.422644498548616            246.04779117114023
7.4397450830711644            252.71718382603305
7.448569241321004            246.13658723060541
7.465607827891596            245.36122862165897
7.482340016216337            247.05732636767772
7.507091789200278            247.7300418686952
7.531368442528358            247.76782232169418
7.547242178837425            248.81712502275997
7.555065840612225            250.26862832388449
7.578365946340604            249.65597921276733
7.593613916723637            249.44547078010837
7.6011832072719345            248.40817541025592
7.623401095045897            250.24302902824166
7.630745786425584            249.19879764289632
7.638015238288968            248.77247737719892
7.6523850697057085            247.91461831195815
7.673444599635774            249.0934830183237
7.680358016182348            249.27641026974115
7.687232717781861            248.83791013992814
7.700794609575286            248.57536087834558
7.714078692956479            250.16494615613493
7.72720458909453            249.2687239651708
7.746416851120624            249.7704045888089
7.746449506118044            248.53094514580286
7.752755851511779            248.07492850600497
7.765181053069722            247.77735387507764
7.783336216905193            249.4869459990566
7.789314946624109            248.40061061844764
7.806815343865718            248.8495878488472
7.834850465623819            248.94282643226506
7.840268238433367            249.69993348472184
7.850945698824803            250.58905706325763
7.866550645105753            250.97975843055653
7.886536276798187            252.09570810880965
7.89618860687589            252.33311292380233
7.910184945629591            255.1553457597869
7.919223798697359            257.234617139002
7.923651033894258            258.5815402131072
7.93665318305853            258.8923512444033
7.949162727651393            257.32736739221656
7.953194607445671            258.0419385318558
7.957178645371825            258.1348130992755
7.961124427400445            256.98605455093013
7.96880959079347            256.5429057087174
7.972578664234314            255.38873419273503
7.983467000288002            256.25500471567955
7.993811572609247            258.3450894191569
8.00363092708845            260.4191016041536
8.009924799549765            258.6929060494907
8.015943512447315            260.0594451870655
8.018902561074716            257.6400269756916
8.030034679804215            257.2442799658258
8.040216493880616            257.4397250861553
8.04947694528114            255.12611217853768
8.051632646514289            255.78330134524793
8.05577810096444            255.85215568868483
8.059687094601358            255.91379449250994
8.06336410433953            255.34812663229653
8.066795247417783            256.01541877854663
8.069990217745849            256.67550947948007
8.072956270388808            256.08816291734496
8.075681377782447            256.1137023318563
8.079327464344425            255.51832796685557
8.081449109329641            258.0064005333896
8.081451712080087            257.3862505248875
8.084204233846547            258.00412121377735
8.086428811408977            256.7452335200366
8.087610938072203            257.3440193703421
8.088559490132019            256.07501191863213
8.089270151415418            254.17854005372564
8.089886425693473            253.4909606030482
