9.416691123094505            206.55590683203962
9.51588360568515            221.37230982775864
9.57682475707446            193.42542080961718
9.68824020582295            192.0251167347796
10.229251810213889            224.10962973102025
10.23674209793381            247.61333365298879
10.312898896940473            193.0113535938254
10.331305861053547            234.812396734141
10.394143783023344            202.874515104144
10.400313624775935            219.44788343833994
10.462523556125591            185.94239238943197
10.470690113248347            206.3319530370844
10.482694211928132            234.41263747650774
10.493938351460487            268.5889923274272
10.504297567715527            245.62540787393576
10.543681462896515            219.72349198018492
10.629846645399455            219.1550846593972
10.981184410294697            231.7779734578799
11.089636804845258            238.14019661219004
11.115192280752101            250.6993796976963
11.141284050649045            242.61951397116147
11.205860052341137            260.2670845390351
11.368236080367693            265.61698137856774
11.462499157741746            178.40471135580046
11.663913982989397            263.38598938817336
12.135036641181015            134.09916743654028
12.157449158071039            183.10949782274744
12.252938376654            253.67880448707416
12.25872686721746            303.10104103859436
12.427949980100486            169.72485569103242
12.456880297429954            222.78058692899194
12.59162492956692            164.67139355935046
12.591993543692565            252.80593778937455
12.73260602315198            193.98999093828593
12.774473168185024            236.62390957817453
13.098159412248576            292.7928453490992
13.138731523492785            213.04151431504962
13.30948144643779            192.28293939594244
13.536648354401185            296.8224872126273
13.685959018666463            306.7227421928255
13.75102285617635            289.211868060169
13.785438628966887            178.19382080577464
13.843710515353028            244.71182361500283
13.885283560150508            342.2748313238254
13.889463038797848            280.1571340853792
14.002178050354233            206.72576901066057
14.245428175024678            233.15459422538237
14.467045618692463            188.5698962441725
14.61349764534138            204.09155859155956
14.912480527289649            199.96526424073164
15.0352780007134            186.62985108831236
15.15543290654151            223.46483724265764
15.286757805896833            196.65780227153226
16.161569165567904            220.90752249998857
17.081875227145336            304.8892357129717
17.130658060356648            166.22516535505153
17.586372430763635            411.6525377372156
17.838109718567512            170.32613055221827
18.3028331140291            282.5702880412597
20.50825956156975            211.87621208651132
