4.731706246113211            212.21407071065914
6.626795626031983            197.63530441266676
6.988586804321051            227.8753794166465
7.036482735101625            249.27687476097833
7.0586912757335565            242.52968663691132
7.071766625735781            238.79213157253983
7.249322833919472            226.47149310685393
7.271375696994104            258.30354594959135
7.340220689619174            230.24076888942403
7.364477027052448            255.4052530592241
7.432121828726663            228.40441323562635
7.443085913450872            241.53491366094542
7.447187516388982            179.86105519658793
7.483299612334232            245.4526982188342
7.597175958959046            238.80015009043362
7.616325333566519            231.35437398671039
7.628350495613227            216.93311995608713
7.638380940695856            253.76470811515702
7.687811757612624            259.8622360663342
7.707268394323392            210.21196530091117
7.843822743908046            248.69021046121568
7.868663455355143            241.3254038250917
7.907957384139665            217.37818521836203
8.014628646289879            244.44323593526622
8.0637528669997            244.1633181047854
8.145712238449878            235.1764505972915
8.154062439576228            221.05281295988325
8.202371109312214            229.30762143542916
8.244455917275253            222.53623978299314
8.324168915844922            225.14334628149103
8.335769246303869            238.4090405884823
8.351556584867996            214.84473568190938
8.376999070036772            237.82685242678397
8.422160611282985            257.45243218023614
8.424174202322687            231.6112494671697
8.596733894619836            239.32581888945447
8.654650701308459            242.18766831013667
8.661258666494597            256.0798025497149
8.707692485550034            225.5744051627805
8.783051698664268            205.10212668668558
8.805417567511634            257.43985206054526
8.807359522626788            230.66246907029304
8.809762176106801            230.32619955195472
8.837421628200378            270.72510637564847
8.920342227846463            251.75919222359366
9.001953022681585            215.8729575806615
9.018657346511397            216.1899330229966
9.026478954440162            208.84960409512138
10.785306153156201            286.34993134010966
