3.5668066490068826            233.9107123017239
3.740917021798754            181.20739470778673
3.7550845293560706            180.02640536884158
4.260802926559304            243.06564965720858
4.396553763661794            250.03060733982016
4.400168504437707            239.90244527479874
4.400277855333055            236.3702811756458
4.407479384694032            239.77327694998922
4.78376840141834            212.4457701015067
4.976899381917187            206.79719974241772
4.986969220980212            309.2164216096773
4.990046649301412            204.59157163857017
4.996067287491651            207.12221856864844
4.996274327378727            301.4064884229522
4.9963140085670865            296.6197704729828
4.997761912020792            271.33155356495826
4.999323166102625            264.27905078653123
4.999327567638123            204.1513637398492
4.999393590581102            296.64783559961035
4.999481620910682            301.16467462533427
5.001549468767978            293.25514727275
5.002495987073213            297.43527281924145
5.003135537131685            291.6510625833672
5.005742014197223            213.1832806937925
5.010786354455859            209.58777752680564
5.020422158116828            216.7861817009843
5.021048497132043            195.1024703233799
5.025312956874163            203.6539004552362
5.034994042767075            211.18703517193845
5.054826840575612            214.01835415585344
5.262783176051279            237.00977849926193
5.27732369017012            166.5057213383734
5.278580843735382            187.46170571893757
5.2850845061272755            183.8090972920373
5.438621328683876            238.1077180099152
5.444265032003829            251.82953900785603
5.44829385434049            251.55583639578816
5.4484642197089075            244.38340174518285
5.452458033424537            264.3140756933907
5.559783116491292            212.94023617344504
5.650405524040732            223.9446098104644
5.655186269919305            229.43775207823043
5.732482024744875            239.64378791883493
5.73730126141869            242.47445502196175
5.769325398207415            224.12304820586883
5.774230886864961            277.19223088746355
5.788090376543593            207.53849763197076
5.8935382473349645            338.8624500857821
5.922946061764409            217.79053492099862
5.926473923421973            211.68611633072956
5.932981114838853            228.13273898525682
5.937378401515259            242.1194023045468
5.937681643348612            242.4089648116744
5.949367183541025            213.34984036421378
5.966659547112065            227.8685921567613
5.984015226779797            225.92538566972178
5.995592997357107            212.40941927119238
6.109128421105587            257.7318209828724
6.116887368840516            276.3331969028205
6.1180263549845595            264.37482023104053
6.1269213015449155            262.0367014594672
6.151738841784506            215.227242900185
6.153615543016336            251.67684915776144
6.160274422530773            360.0593986042764
6.173061316010722            277.5303913396839
6.174071764225577            215.7090538653401
6.203857731212717            286.19190185800716
6.205184511459749            280.95781376601354
6.205232384987068            285.9800355726854
6.206518601531206            288.0461296219919
6.223920446171879            288.8444269797487
6.229781353715008            279.100242063148
6.240533280387576            259.8335454643715
6.255999031374848            266.33802285910815
6.268607706504711            197.38737928675198
6.270208149142262            202.48745741445265
6.271369128956481            203.95168196120542
6.272116281426852            185.56915856573653
6.274656175372505            202.34263853189245
6.298507363178604            240.41967842697565
6.304307078563128            233.3221382439121
6.3070817594388675            241.7947044378714
6.310066767623813            237.5381029439021
6.31931259860814            240.7331942894182
6.346794608914684            229.50087983697037
6.3742305780292465            234.28679201690196
6.408671616803739            238.33540402910708
6.520239337614743            170.49100867928388
6.530152618347921            290.5577928953009
6.54488423647254            275.3641073844858
6.547467245122569            316.29531591421176
6.5490076909358494            247.15022407455237
6.549871323590474            303.0704879553749
6.552473453862266            272.6037845287929
6.557720359533871            276.1156947393081
6.558614774556274            291.8244191559859
6.558688618618805            275.25567442346903
6.559484893182247            275.20912361218967
6.5595494599383155            305.44491680099924
6.5603780554777815            281.5948344744317
6.563142427970522            246.3824439357892
6.617839671164281            268.26305711915967
6.6212902236061435            219.00019234787166
6.724858669787558            305.8154101294184
6.822684422504405            211.80012066782803
6.829394600640598            239.1170688534308
6.979035678753607            244.63754433307415
7.15817408592812            243.43756992809193
7.173172667083539            245.2268924256547
7.176480508528486            246.5190028847864
7.179786827281836            233.59681146113695
7.191428630740239            250.76583554543856
7.197386030279307            237.68614010404076
7.200737321504545            254.98144069202382
7.200868228198886            240.98588219995668
7.278496920521185            245.87711189417044
7.2866264340364015            249.84900622883012
7.300901854967793            255.34722635639423
7.303025693884374            245.18794079548417
7.343988986545977            257.7291954580913
7.3534028474153885            248.23622828976696
7.3534028474153885            248.23622828976696
7.3554503790317485            243.11185443848456
7.364706755688096            248.75533258816228
7.422466638304006            253.1246544464853
7.429024914699313            243.50268960634705
7.440421749644968            239.85979489312976
7.450163278664727            249.2369441760076
7.488124639567364            226.97047018467472
7.520528695113246            246.60959648860853
7.5411672162978025            249.7306398235163
7.572864023860935            254.18263528418862
7.583574642190506            245.40009284154277
7.628578340805535            251.09442511773779
7.663879656856379            283.6578303523107
7.680253893580096            253.27595488035908
7.694694433876589            256.5029904189728
7.706213149805118            245.88252835032458
7.706326597997128            238.50252787898845
7.712840258730412            255.1434797690653
7.717380433096874            250.85978525389842
7.721916888540846            249.116139917087
7.730991361538091            249.60315534506998
7.7309929572853004            256.6433095910534
7.744590433792317            252.24187228820583
7.7521265579470855            245.02491448603368
7.776341767585605            251.25166597397637
7.868092680770037            239.88890761883562
7.895163884945081            256.7684836527304
7.90214501531148            249.88828403819213
7.938653960716009            251.36581204361855
7.992002234207145            243.4063427064714
8.023011454915084            256.8682518783083
8.073321533965059            249.48228218188487
8.102227451388648            249.00768264719707
8.122810532884914            247.90198663743413
8.134974328904457            244.14218679449584
8.185739997972258            241.57936616208832
8.190943764571847            243.19254908918845
8.203451066729453            245.0727723969491
8.207478188232884            248.75311881067472
8.2132460359741            238.8667646859548
8.22669689449909            244.82670850500904
8.227291340839846            245.323521370185
8.227644306855252            243.13479938163982
8.282698626691014            248.24191162610447
8.296117053769576            247.62056488113677
8.298623444466463            246.43002616452227
8.29924080977288            239.03054721762783
8.303951712441572            251.87503475666955
8.306691844429354            244.8611425464779
8.34633042123051            237.28140556390767
8.347969430572167            212.67295080336768
8.35728980248598            239.07401513731887
8.380091554920572            249.11605951943804
8.39297775564876            243.0479558710459
8.412900871950555            242.95600544028997
8.421970994802662            276.5283746356042
8.422482050291404            253.83289263393883
8.424407608941458            253.34735437742168
8.430294915251942            247.870399065818
8.43514709054637            262.3757653804016
8.435213889115296            251.25827018651154
8.440897961475345            240.26491159597592
8.454645940782598            237.06146654601025
8.472305360183348            232.2130646355017
8.483487578279307            261.42529988518294
8.536173751115923            243.89714007508107
8.55391045644824            254.09855968202902
8.55669074544083            295.03787189131964
8.559986096591624            262.62447479066907
8.560688855530874            253.40170645802792
8.563135220719502            247.65272961403267
8.573973428204747            247.47945386689017
8.58584411582891            256.75432077122326
8.585868031068193            258.4949250305254
8.61189080107909            254.70867034204926
8.692170558776658            196.38060661639665
8.72103234168679            243.32146666439698
8.730794497401408            242.083210527229
8.735071912989625            245.75391080675473
8.75887171385137            264.91043095699973
8.782061218793553            210.79649033792424
8.83188495823194            276.6369409029051
8.83347604424982            258.5755806906062
8.835105396619442            252.49606800588518
8.886139011909279            265.82228730641674
8.889483112080665            255.148164770243
8.898920133122141            252.00707408965442
8.932424894709637            225.78545883458344
8.946031959747225            259.52712275807545
8.95378733861843            249.40571183977173
8.960043512655323            239.61638872175294
8.988922206921949            256.3982444106201
9.046264811508305            249.853473348831
9.048266835983302            259.9494272811864
9.108662840342499            231.9875591519729
9.116231778713981            249.85209195968096
9.14432288495079            214.8209635924067
9.144360676596792            213.64448271338546
9.171106744550427            247.48187825895488
9.240194227935376            249.59963961523653
9.243244316339876            201.34394154899786
9.246755297920673            196.73807499009294
9.251130221265967            249.99514042823125
9.251289491658378            250.10655837841645
9.287282125746108            222.54782914782368
9.304689450666            217.15149725177105
9.332252037315701            250.89529366973218
9.340916857771113            281.33833008981276
9.34270535014262            303.1625228080339
9.388970186269901            245.21984332843735
9.394200158246829            204.81759637012928
9.449415928763422            227.66686868563542
9.516442073931792            261.9722025133453
9.519872208252922            202.87399898393053
9.546168947550939            220.33470020777153
9.5500172148491            262.0099984968258
9.574520824858567            226.06569799163324
9.650764343318485            318.74669245165046
9.722070172776203            264.1345290386194
9.759593222834525            230.19650667722382
9.759658837404032            236.68141876602408
9.811313866208007            281.08871438171803
9.820419501952768            218.45836809747522
9.82266101694309            205.5993570513437
9.828251581568662            286.06831948425713
9.840431499880713            248.84542900312664
9.894675802318055            212.4603270558707
9.929488772448003            222.5997871441189
9.95801258409934            206.63388375886956
9.961238905693687            248.69815953275264
9.964659142441992            247.66138870405388
9.96676479975782            237.91934004672848
9.997989481327538            247.00284740518836
10.029992287205685            222.77397058579277
10.038502317410861            241.08923578200958
10.30405445496717            262.30394486728846
10.47476978748068            235.20168918488716
10.50447141421669            349.16721554133625
10.514241596219435            239.69811165802346
10.517956242070893            248.3258067954678
10.525299443951681            280.98979052398425
10.525751878906899            227.9966124282741
10.544025084500156            254.7937957837487
10.654370068655957            275.02602352217036
10.924784345691302            242.62762703015852
10.975042244004406            249.46373423291624
11.127430213056913            236.82928719219925
11.1816109342819            282.2056891021189
11.612905354346223            263.9285555152542
11.706720939558261            278.8568495220579
11.821154510506188            275.5039804859072
11.82879869699745            124.73631486333817
11.923382256313788            241.75853056405265
12.0902709638877            239.68805796038853
12.098022705882476            220.63455609047867
12.116857549966648            210.3019539703178
12.141206088548822            116.5013563377347
12.175180594773748            336.6987367826458
12.235334402565128            81.19206245174351
12.425837363925774            279.15599699481277
12.476182899386814            281.4440258756824
12.651794077323622            297.23028742159215
13.035364510838724            352.078468401261
13.109187747958973            367.4215500960465
13.179940968137224            284.96480767927886
13.180370174080808            277.74077710595145
13.287178538068225            245.1641830331177
14.522685581961293            251.92302227388785
14.543993916078561            226.44384063855964
14.707178531367981            311.4529323529144
15.099881935945373            294.04847797982467
15.289578164679446            341.7920179893877
15.363236088168678            339.51996662743085
15.398513163876693            320.7757014384452
15.622755855324346            345.2112932062675
16.882217834528962            401.7342344854818
17.641042819180274            262.41840732800904
