5.30985532304606            245.17815758401784
5.374712726061698            291.83336913831005
5.378408810193572            245.41865451838387
5.992223633130244            269.770652698932
6.021645147632191            271.53815220305785
6.188027195711668            271.8983976460711
6.232802247521054            280.70020260976787
6.434623118488281            265.6233122343329
7.224028913295126            246.83030930485202
7.287306959868645            247.55700977177003
7.3163817022655016            256.26241390190125
7.4719010265493635            252.65500248424226
7.489087670192046            262.789080455582
7.67617904862629            250.83621608929084
8.054747567041755            245.8309547158141
8.084313478846443            249.21694159529605
8.131995196520615            250.22483935261468
8.134390017174931            244.77317782532853
8.161868350074407            232.88029539882697
8.178026521816438            244.98526419409367
8.226428863410838            256.5938955037281
8.265601050649416            238.07691326241883
8.349143887724159            234.0951408793728
8.370079270332289            239.44051825091262
8.393116478849203            243.0505638840493
8.45893539848567            241.93348698838852
8.467208379679809            256.3926007350447
8.505617895627129            266.66961677769336
8.509858657059038            310.6870935924681
8.550520315649571            234.35616152374806
8.651164520654104            245.95284237627433
8.692212043482964            216.1946489758585
8.717504261989951            231.81528865095706
8.830235659951326            276.43967119903203
8.877233047112462            224.3525448176251
8.938625736177308            250.95295259633048
8.951168160830855            255.80564364050989
9.068013378322775            204.12590099949105
9.244359586061732            257.9278052257258
9.25136753415659            219.5165940479449
9.293904072712232            224.33773972254974
9.377649222911046            221.4364071612554
9.422259018870788            215.56499113374304
9.461464376800343            235.2813023060563
9.482536618771855            212.44522291652876
9.49603919378359            217.81123050530326
9.531484899571263            228.9991785597555
9.53520851460175            231.93326188972748
9.54233496778341            279.09914734646924
9.585853146501414            276.3969742607868
9.607650792557875            236.92710624609802
9.660744668451438            205.14365414354143
9.661474187427839            238.04294069370937
9.671082906277348            216.68290542877506
9.704630332760795            239.7478904710589
9.757802057984975            211.11396160072718
9.855223254648287            229.89365352760825
9.915831758285503            237.05953076428713
9.954181736296306            237.55512549791385
10.325459974276995            249.0547596413075
10.543831357400794            340.3308773520821
10.590870644184319            254.29294135890723
10.595317285094            220.89991258065635
10.789041237183156            288.0755218049938
10.814306947238883            229.28403374666127
11.049152053787914            254.11536965845505
11.085399051062826            246.26454482250853
11.384699895225031            272.021146041136
11.46811515532349            212.04248272856464
11.546137426735546            200.8185304342316
11.782089410246817            323.8389158624205
11.83020237020135            306.83446211836207
11.916865186433375            276.1521817122036
11.925371496500018            293.82369610488973
12.107139335104236            221.07141361470227
12.132474003994304            299.6322337951762
12.416600467084066            348.08210029419126
12.534883013008214            290.4668345522617
12.741077689390496            337.4443927203824
12.803186408091285            282.83060115627234
13.072815004404388            258.82035214925116
13.652265747313814            228.21865471640274
13.767292568676199            234.08735595995793
14.346057776414524            320.7223245395499
15.195594335627554            306.62595049013277
15.792566676420494            225.3742304169947
16.169417338568973            445.65821963760294
16.285613390763007            387.64815730142055
16.565779908048018            345.1200491273074
