4.860172079285092            251.90854925478604
5.703344555930918            240.2691223566396
5.707559144516033            247.00083085383565
5.901278448833552            225.00232512869323
5.949985721590547            131.1692229246014
5.953213567691934            206.64634528142102
6.138484402102897            219.90650096499857
6.302180858068126            137.24718428140287
6.306480830239426            172.99149585101392
6.35074253317207            279.9260353224619
6.3908175858800265            202.49188336000606
6.4176720309219055            244.78475628534733
6.418295987332477            198.9590891157335
6.420096144015779            228.42803396233762
6.444715837965453            212.90148326279322
6.445691728428243            171.95424717989462
6.464950757940283            248.97832692738913
6.475809980522527            251.97212227193887
6.488890966859178            221.7269969439098
6.491326791671288            226.4709755290624
6.555922189005413            248.3555408729617
6.596049854856935            230.06560209433047
6.600162757515957            239.91320140023817
6.630228203987996            225.99722817895213
6.641302194654288            228.953404085499
6.673506439047295            248.07908288774843
6.772650114472087            167.22023195269338
6.789003763641582            264.4258242470224
6.814090240036874            232.8360408294071
6.920484944296459            223.5899490431933
6.934873944834534            233.69142536117803
6.948110970407261            290.6730894362188
6.965415984963667            230.96958859871157
6.974403993058555            234.65378224383167
7.003732900718785            232.90900803581712
7.018193763221001            243.1109185397047
7.095589523362382            228.37169283170763
7.134439584509297            245.84486836441624
7.172586086490597            227.11345548579533
7.199973169291715            304.56877811190475
7.221563363209792            231.87791333831507
7.234193440046465            250.5850204574712
7.237734876502687            222.76200367226267
7.239319965157326            240.04856215788118
7.255459393824446            229.97122843831698
7.267002238222871            231.18367911328653
7.2942092308572635            253.7892485325888
7.305780953788198            238.12605129396252
7.31023221747873            232.71962173015933
7.323356804243578            284.1975567458482
7.330859773026667            198.05712327012083
7.335833589313108            234.0119352693486
7.338043854805428            231.10496374630074
7.340180738524054            244.85942941697897
7.340980143476742            234.22180780471078
7.355435269862562            164.87958617328226
7.38403981319645            253.42515279455705
7.393968527138284            231.9506471685407
7.420153704565427            245.71346003469716
7.433391319829505            232.86626558440352
7.443258375951997            205.60161823383785
7.44823766442908            238.81840554799314
7.458922527640863            223.53429076076338
7.475082812188188            220.41672682347175
7.475467703101052            228.5642618099326
7.476192933461797            257.10795300878533
7.482594983614683            229.8683806751403
7.491465567057656            277.7831265794323
7.533103875417882            230.9743227645055
7.542827270532447            244.7242188787348
7.55252713366755            249.51840112655728
7.557332947629647            232.88591923557064
7.59019590601981            231.95540626685985
7.598217261387073            238.48584446596672
7.598489077896791            225.64641537253038
7.602405662771712            265.19624397832683
7.62913792329973            239.22510914978648
7.631442943131011            243.3329840466077
7.631524456597076            242.62024641276534
7.641513908667535            226.44316152204124
7.644577629135225            220.08226970991132
7.65427688885333            224.76793683104182
7.654569773739391            241.20745304400003
7.659195428212606            243.91505775145436
7.671941080268033            240.7998247402968
7.674262692915099            257.8503169848062
7.683994037223275            245.38844713727352
7.685367507092552            243.07717209235778
7.687041496744983            230.5201145967781
7.690159230114466            250.3642332797809
7.694787265711785            228.45038458803037
7.704095816443478            222.04779527646397
7.7186903369270725            235.09194535570677
7.719707051849588            229.24502088753917
7.724744578578842            252.6494407136563
7.7318627058549225            228.07034724461812
7.738492001834122            242.49662709450087
7.7395657199953645            222.1867488493072
7.745864155438867            240.1086923154107
7.746051843298417            218.0572380175916
7.748448239680503            228.5982418546364
7.764178147772438            244.00357957095596
7.773775078132647            245.70558733903894
7.780804149950596            227.06563094986637
7.78741740214035            229.76902177429224
7.792372132606676            248.44616243277645
7.792519103461001            252.1876990762262
7.803843164940841            236.30877714366227
7.805356947625545            232.46975402335977
7.8274504507061575            249.45427025983912
7.835436209459081            244.04050917248736
7.841722083295207            226.2038932974953
7.844143150072986            227.37647520948846
7.844460761828661            236.39437004404843
7.859734071532269            235.0014151294253
7.864386640609726            228.27871942863194
7.875981223646615            237.12486987167858
7.89634196991357            256.1241855463105
7.90178469075335            232.58653384279654
7.92083506867772            251.04756905503726
7.93452634858167            229.56368194315905
7.945600481908533            223.03959469098658
7.993329171008699            254.62520250407562
7.995283509062837            237.6105340563586
8.005214738540094            197.63569910339893
8.02274080914771            236.1022608957278
8.035288103102978            206.8002717974206
8.03707028863775            271.4656166848869
8.04600223040906            239.46625167008574
8.05213976205073            242.30077529934906
8.075237550799491            227.90181922957845
8.076669383488825            240.5585430371627
8.079628371543913            225.8315288012701
8.10733189856604            238.39833474618007
8.11003714423161            235.1851041996072
8.143636983274154            230.95015613432668
8.146628485039189            235.40593243151437
8.147949801446261            247.9394800190588
8.159352052370869            225.53832518406014
8.165428002967907            226.95478445762856
8.178380225241071            216.700503146505
8.184218735745409            227.03078277957763
8.199054938380598            238.42127202272923
8.213468676816445            232.20145622389995
8.221610158431172            233.5841938070062
8.229931535073833            227.56596654614793
8.246174080513214            246.12780686127792
8.260217489219384            230.42483730376458
8.277206039305229            242.40220548920507
8.28985558273273            232.65173943943532
8.337861976047918            246.584044986186
8.341765252304501            232.77914472411845
8.347535604194318            234.8070076130139
8.35711690963586            232.6313564377101
8.387813688205199            222.93072158551809
8.40758302599894            208.29629522094316
8.44237277152466            234.93524854512881
8.449142780754302            215.2563654265039
8.458936248658636            230.94883094655646
8.459149208377541            233.3484601485929
8.513574589036855            242.760503345512
8.525094245878018            206.07995074438782
8.527588637562099            242.19152336415704
8.53281499640533            228.34128105601485
8.554244485419632            228.3682501879158
8.565392229469172            220.72247472509702
8.629821900779316            230.21052365488217
8.643250144493512            209.16653307617824
8.714732585584942            238.523928504335
8.721297958918495            238.6530977510654
8.724508619165954            238.6764173290248
8.750020929032136            242.24914384388757
8.7993177764482            232.7260136725129
8.809082044032156            234.86217985690985
8.809788034699832            230.09818978478677
8.841611762919865            247.33251486604004
8.845226245048663            225.70303243061903
8.861378842017901            265.895146733235
8.877556602164159            282.6152131401397
8.882922799873699            181.96432584695017
8.900882704006145            222.4334471724994
8.963529025277301            250.62019023907314
8.998604443201486            234.21859469266573
9.016306958738864            224.31813003834154
9.023512683772553            235.09023817631487
9.029807238975286            236.30731607065508
9.074438377311909            314.24563064831665
9.075063372604351            218.51811083410766
9.121615544012993            333.59138972429173
9.16164104461006            233.29545565595137
9.222626131979839            211.71896155623787
9.289163556771639            249.23497806431186
9.29034940071451            216.1684905694268
9.393146978110527            235.42110717869346
9.42140010085146            260.13333493556894
9.476868074408685            210.69726847087622
9.480981558742956            212.4398361596819
9.67224685993592            233.9338840184347
9.703421594919424            227.67527201795664
9.730158052966294            194.86962391953466
9.746175281720955            222.5063584194959
9.773582009494605            245.6480597595028
9.794813422591258            216.00956184462063
9.81856520162326            183.48554839431424
9.831223626892491            129.17329762529982
9.84756797997502            171.84740107799468
9.84882286850868            186.521452463269
9.859038872364962            196.94509142154877
9.886008935010102            197.67742538304637
9.88713731672192            277.6375510518703
9.931844443298601            227.9678297311023
9.946248134503092            230.02667138980297
9.97136943327632            208.85458010347364
10.001672729016482            294.5247210964592
10.073235921278336            207.85328120909776
10.110444009829623            233.36578745926323
10.158160783764536            210.392054207811
10.167039436771923            213.5229232588738
10.22910595841665            227.48465591794044
10.247496919766355            227.1043089006528
10.298172675220336            222.43499914598894
10.316475189955419            220.14074277890128
10.33288460509144            183.9973389820383
10.35792711561151            214.7697217512656
10.455779145303566            242.13797822007604
10.490053052757009            248.35445927823034
10.503505000377539            192.56363107235705
10.608456344597931            288.10666579350567
10.616299878313049            268.6624582983997
10.648083587250552            235.04375410738504
10.651910379364761            203.58265349691825
10.666000899506951            299.40885450914516
10.707631891720634            219.9910952633402
10.719941568541989            224.8489302744301
10.724180586243767            231.9877425531114
10.804068392338628            206.0480105260469
10.832191786447172            258.4191942921299
10.927606793134764            263.0348271242647
11.024664336301084            124.34824732821723
11.05198487480556            314.4671428409441
11.156631977694861            172.3553654781508
11.206055297555581            199.50510331647305
11.216997766110406            209.218172686314
11.354568198266639            116.13755922695613
11.476872230175049            256.7120169418132
11.605022189792416            288.5973023419381
12.096874123050165            265.1691514089721
12.252431379880063            228.68804802061862
12.303809693341078            223.98727702644598
12.421830660404128            355.51093738727087
12.71128820436525            269.3704332584871
13.143881854778114            209.08291236662802
13.780817934483675            348.6209597244565
14.085338012929101            213.3110890913163
