1.3971747816631779            120.71856642801366
1.398826561137258            112.1733219803815
1.3992394966155215            110.0370105098157
1.430198869562414            209.81323872442238
1.433362396164696            193.43476267156487
1.5050302272549687            212.0682834384638
1.6047340763769182            214.35505110248636
1.6048710498905687            213.64292199131086
1.6098017772368982            188.0062621456509
1.660168722397668            185.9412916066045
1.707053633389994            201.6774181289834
1.710605168745685            183.16170006999917
1.7341594663598516            190.31671015406147
1.7621996871783252            173.97020260729275
1.7966225567590057            124.15160563810258
1.8048653610965488            211.06617355834487
1.8324405196906892            196.85408002936865
1.845505373358224            128.4865816307097
1.8996834607039106            234.68826835239554
1.9123144187785617            168.45632802515254
1.9560090788088147            199.13575689579346
1.9942938865224398            127.94433782360365
1.995106503328662            123.67122740334452
2.015617951516828            145.7749344524111
2.0767987695250385            213.50747636048092
2.101708112665101            212.10652822623425
2.1502500095926993            215.7122459669023
2.150923621437038            212.15119369243553
2.1757686361052215            210.74796673073544
2.1865346877447673            153.7707156977646
2.2112135107701847            153.07858868056266
2.259699135704241            155.96535586074083
2.2723769198585635            218.65958414155324
2.296709301465861            219.3891720012038
2.3307901825656545            168.12436821988487
2.3501206156394963            195.20514558188813
2.3574743789767703            156.03160493113083
2.3948785856420347            216.60151528195755
2.4200281293404107            212.3412328971567
2.4444859307460916            211.64137440009705
2.49186512868365            218.0740878226401
2.5157187334295856            220.22080894356088
2.5214293848512774            189.59288004326277
2.55400648000316            144.72785034462916
2.5888547936178705            217.39614072299776
2.611814871896221            223.81318896053583
2.636337010419059            221.68181999848483
2.6613599737364595            216.70029634652522
2.6850361672496543            218.84090553902013
2.7096083173956083            215.9944169223894
2.7098716737551407            214.56978449155827
2.732968563131004            219.55785633870812
2.733100097565007            218.84553520301435
2.7814490700639225            216.7094533357872
2.7819739883849186            213.8601271243249
2.8299474845700856            213.14485048081872
2.853957314315845            212.42959708521542
2.877024183904636            216.69983604055082
2.8838149979233965            179.65746705240943
2.9239896183585166            220.2510392549736
2.971101943195472            222.3736582145129
2.9933812853001003            230.20109791005953
2.995328669202258            219.51540904825544
3.0439475655538213            212.3709661553063
3.0656228576165496            223.04505840713847
3.0886933476333733            225.8818691449565
3.112508449272554            224.44324646061662
3.1353901598605125            227.99045006870278
3.2061672509862142            225.80234110020294
3.2323860398695117            210.10964809531632
3.254470782221922            217.2137822627001
3.3229719471753336            224.98361275332047
3.345700120308987            227.80893306151435
3.3680152952070226            232.7706068618979
3.4147064774245988            230.57861717478997
3.461638603596199            226.24453621572113
3.46189122339368            224.81954187323916
3.462143839071694            223.39454739259105
3.484420863015118            227.63824180421418
3.5755850131918088            231.06414412501985
3.597819597633295            234.5897359478861
3.644557831582016            228.09913581809343
3.645306408212682            223.82384465655255
3.6896515820971922            230.1542402180839
3.7120823764535253            231.536290714999
3.7127032154092863            227.9734496834529
3.758196861536325            226.45840985365294
3.778786650079395            237.81302499868733
3.825168441625129            229.8773035354881
3.8461475480803142            238.37810684273768
3.8681979997755986            240.46427559898657
3.913043352344773            239.64453123585184
3.9366894807133423            231.7500510487861
3.959316700027324            229.5552781529346
4.025620146954782            230.80224253333407
4.089516440919628            244.15315981519694
4.090842751683754            236.313609657233
4.131644584586233            254.7105503808923
4.134647976624832            236.89303270343942
4.153911362426671            252.5039679796812
4.219620246129256            250.86494182965865
4.242430665133345            244.37636931502433
4.263056945050693            250.715702653403
4.306915681641908            246.99713577987166
4.35142319598718            238.2834042069529
4.371961786803086            243.90326798981238
4.392343292853331            250.23463094584267
4.4149105985222175            243.02152943471725
4.434624257410482            252.91421411104173
4.456633282301232            248.5493911035065
4.456633282301232            248.5493911035065
4.477081970016842            253.44972862427963
4.518667177928176            258.25652712263576
4.51901492937101            256.11801299690126
4.5407252735572845            252.46009807759276
4.561695514832265            253.07776586723708
4.562041754235491            250.93920273394656
4.562157164643355            250.22634826719442
4.583887673798395            245.8524925201918
4.625368325090297            248.50612016201865
4.6652991297512445            259.7086651290285
4.688618282465754            243.92079219641448
4.708470277993737            249.51839842610667
4.728392885736436            254.40170289768295
4.728506280519671            253.68878323707563
4.749855958494559            249.30261238084088
4.833179951703248            241.72308389096312
4.852714076147922            247.3104333686203
4.873988944270891            241.48869698723593
4.8934306340862745            247.07306895606246
4.933288118013515            251.10746975691225
4.973617222492402            250.85763597394688
4.993377872527344            252.86943002442916
4.993707726713795            250.7303382801153
5.033411424774802            252.610096393236
5.053462392872056            251.7649657300125
5.072918293784181            254.4835334234378
5.0734625834061395            250.91820493466227
5.094280353024587            244.36520855460688
5.133372511087857            246.94189746491742
5.193672080393568            237.24563674098408
5.230332832924388            252.64238535320425
5.232145072769191            240.51903957987872
5.270309693522428            244.49912252766725
5.288152809908424            254.33155239915655
5.308482539748251            247.04637303134007
5.311118462430976            229.2169914275246
5.34456079677557            262.424489683785
5.383477261805864            257.11351248077204
5.384520342161897            249.9813992099808
5.4038403144234755            247.67976687914307
5.423934360629184            239.67051646666908
5.441899979331643            245.9241441061526
5.461569609477296            240.05097088069712
5.498373876439605            244.70415217182787
5.498681405577999            242.56434610403605
5.535987003243389            242.217755363798
5.554354150617278            243.46842897811592
5.572363366020322            246.85730381104406
5.591128276788394            244.53797953321896
5.609332285447123            245.7834601120835
5.645276225054732            250.40924750825917
5.66311741663241            253.07624679156328
5.682098615806345            247.18115615075197
5.699629959523068            251.2713612589517
5.735617759301535            251.59938132543058
5.753674072827564            250.69058708527697
5.789320241002141            251.00776081554608
5.806133144910723            257.9412502750349
5.825028457912409            249.1773390327495
5.842504873134372            250.39971029783075
5.842698199752784            248.97280128633622
5.877287127991562            252.83904566122757
5.895071191277315            250.4885767650691
5.9344482188541265            215.8146002363334
5.961539679842073            271.74905460895025
5.981762818954516            248.69687439229915
5.998529267057925            251.3297929064265
6.015425578035429            252.5337948621051
6.032542763844229            251.59524736582605
6.049320968518833            252.79551502877962
6.066410205891785            251.1395738465289
6.066502662736594            250.42598620838274
6.082608638234068            255.90406676115057
6.098842984779257            259.9531857823134
6.115844036730258            257.577950245641
6.14847699022468            262.09883912481934
6.149385155085091            254.96244472168542
6.181325607011903            263.0440059766422
6.1989161857429425            253.5223195084734
6.23103380541942            257.3104449030901
6.231212063562155            255.88305957159022
6.246736428611462            261.3427860406221
6.263707865073065            254.66759014942087
6.279377361879321            257.98238592957813
6.311151172531226            259.6101724716739
6.311326034062458            258.18268012573105
6.326379473588953            265.06057209636026
6.3433721217152925            255.5200448835718
6.373698982120145            264.9837641230534
6.389460420261676            264.0024627060478
6.4046454124404555            267.30200726557933
6.435512146564685            268.1847529180303
6.481504668832466            268.06621529801396
6.500813381360294            232.8046821448916
6.5426960219946455            261.21675460108236
6.573300908200789            254.20985886612826
6.588865462131694            247.49043139511744
6.631765950646871            257.30570798663797
6.660847995836042            256.6994519135908
6.7043652865507495            252.2043228436839
6.732779517678962            251.57714796812076
6.7459608163951374            259.82925612435827
6.774440342446618            254.9052232662027
6.802187755615303            254.25718169134154
6.815508408126012            258.21475482668046
6.828765703077717            262.17034705164264
6.843376024742528            252.55510300085473
6.843376024742528            252.55510300085473
6.882995415688661            260.11823327473473
6.89745911674756            249.06544924481136
6.913730056757682            219.44066681437252
6.926434344602245            224.09546190768265
6.962813185562515            251.61878957504197
6.97604764588346            248.40888540257538
7.001739220932787            247.6966355005352
7.002159225509818            243.41088224476587
7.039341151327381            250.89794263737394
7.04285092094            214.4671611716862
7.089326427583003            246.56397399984402
7.092286690564054            215.1313845192714
7.113492838461835            248.67009085330943
7.124810490100135            256.86403150044833
7.137514195504547            249.33874897185396
7.184007280527022            258.5090218712812
7.210680669869505            219.85433028151212
7.245235314915308            216.51255112258187
7.265143607771863            246.4285467390876
7.297934842921266            251.629594111023
7.362836520684288            246.96477865695758
7.4048593127589415            240.95042938321336
7.494471742297422            234.78797713997878
7.593714004971295            257.50684316492664
7.6116274245171365            249.3885833326887
7.6454907462837545            248.85348815817622
7.669850583961304            252.3606504605086
7.684831614509531            269.2278565187961
7.7385027652836            269.9101552769294
7.759951403314339            277.6263014430911
7.775955792003225            244.37324607822603
7.7965699867274845            245.61562391720042
7.809846027241126            248.10123630407253
7.816352796272592            249.69823121234415
7.823069308276541            245.57006141193145
7.835769650043324            247.32151671908224
7.842142909157888            245.33214829918214
7.848131352919311            249.77901351568764
7.854516512374666            244.20775497180213
7.8724590922871505            243.21863313560803
7.889421816382406            248.6474713998969
7.894965652333482            249.4984275627146
7.906119384765699            244.03786872635678
7.910727039664342            262.0548879549523
7.921276994308086            260.1580508391492
7.9265311023983624            256.7014195259336
7.931647913141151            254.67347583507353
7.946200112548913            257.1625576010297
7.946252572303427            255.73126818939724
7.955591500721708            256.6630949046763
7.960455874342351            248.17937502613722
7.964864298161689            250.42841101240532
7.9734302786961075            255.63524687785315
7.9779829277892995            246.42553069179735
7.9820818131977385            248.66508688552963
7.9860601503362965            252.33384811640676
7.993965900538827            253.9382306404398
7.997886350898401            251.87363951592383
8.001313312444083            264.12289708813023
8.008844479448326            257.11844966354516
