2.093846074879392            213.20629731695604
2.0938460748793926            223.64985066057343
2.2299062085595214            206.59268266604684
2.229906208559523            218.73269231587804
2.3652870912069406            214.5916426133088
2.3652870912069437            211.1616770309295
2.4999474844933243            215.82546515728492
2.499947484493326            203.41201049553254
2.633846369558398            203.3424188280784
2.633846369558398            215.3329312063832
2.766942959504659            202.05164386617662
2.76694295950466            217.81282004762383
2.899196711821479            219.46391936831165
2.899196711821483            205.2384339000739
3.030567340734728            217.68502562531853
3.0305673407347307            204.8015440539359
3.1610148294782245            221.2749444116939
3.161014829478226            210.93973666504976
3.290499442483223            214.65178166082717
3.2904994424832235            246.63249082049296
3.4189817374822566            211.63645693349682
3.4189817374822584            246.25648980571074
3.546422577523636            230.24577654021235
3.5464225775236393            210.19254871237095
3.672783142892933            227.8991967705509
3.6727831428929347            212.11885193356918
3.7980249429378565            231.51417060709574
3.7980249429378565            230.91560716856395
3.922109827792865            236.977318181148
3.9221098277928665            234.79387567964267
4.044999999999999            241.23288186756628
4.0450000000000035            237.80711790355187
4.166658026022338            268.4315172557983
4.166658026022341            244.2024031802115
4.287046847646628            246.68868566513848
4.287046847646629            223.9620179304659
4.406129793271568            220.984816939242
4.406129793271569            247.0033035476305
4.5238705890783395            220.16966620589815
4.523870589078342            249.07430031662034
4.6402333700799625            246.70061867286768
4.640233370079966            221.61544328965226
4.755182691046108            242.48121492661014
4.75518269104611            218.52103765148638
4.86868353730007            222.78535099243007
4.86868353730007            245.81505931547997
4.980701335384574            222.10729758811152
4.980701335384576            248.10113631818072
5.091201963593185            249.73844496382443
5.091201963593188            223.08580461947972
5.2001517623641025            243.82599913683703
5.200151762364105            222.01981249959576
5.307517544533204            245.8628278773391
5.307517544533205            222.60827519639358
5.413266605443162            218.25016055131073
5.413266605443163            244.847975676909
5.517366732905611            220.7444505936947
5.517366732905613            249.98050276964042
5.619786217013288            248.25948541840424
5.61978621701329            223.49014185088623
5.720493859799169            249.08401619622762
5.720493859799171            228.48624565388633
5.819458984739687            250.753204262705
5.819458984739688            230.33178843851533
5.916651446099088            232.2258120419695
5.916651446099089            254.96617563535696
6.01204163811212            257.72207345585355
6.012041638112122            235.96737399468705
6.105600504002226            259.5200582510215
6.105600504002227            240.55554780743245
6.197299544832532            260.85930818855644
6.197299544832533            241.1894232535153
6.2871108281868935            242.06810664605385
6.287110828186894            261.7390193273603
6.375006996678379            242.8907211102003
6.375006996678381            263.65840586242996
6.460961276282599            265.81670036422105
6.4609612762826005            238.25640685024558
6.544947484493325            259.7131540124142
6.544947484493326            233.3643214115214
6.626940038297944            253.34703682401326
6.626940038297944            239.9136399370201
6.706913961970287            243.10355541865448
6.7069139619702876            255.41763787570514
6.78484489467848            252.22426552041338
6.784844894678482            245.63327894307986
6.860709097905485            254.26624759798153
6.860709097905488            244.20203993200448
6.934483462680088            255.24293163991882
6.934483462680089            244.40908637691567
7.006145516616108            254.65368506814892
7.006145516616108            242.7536850681489
7.0756734307577105            240.33512181823014
7.075673430757711            253.89789538769875
7.143046026228718            252.97497037327136
7.1430460262287205            245.55270167942462
7.208242780683896            264.98433824964206
7.208242780683897            247.2057491554242
7.271243834560261            251.42544786582835
7.271243834560261            244.8936084071108
7.332029997126498            243.31564345233087
7.332029997126498            252.3977688629744
7.3905827523286405            249.40079183590444
7.390582752328642            244.37123835962169
7.446884264430243            254.73402848829204
7.446884264430244            244.6597974358302
7.5009173834453104            244.98074540756687
7.5009173834453104            247.29701178140013
7.552665650362362            243.8335275964397
7.552665650362362            249.88929607634535
7.602113302157998            248.91045726984402
7.602113302157998            237.21761008801417
7.649245276598473            247.86009292339847
7.649245276598474            245.63247989444955
7.694047216827792            248.7378223858829
7.6940472168277925            246.2776451107591
7.736505475740956            247.7526350646495
7.736505475740956            249.6432869094942
7.776607120140999            250.7570004598923
7.776607120141            249.17614975902964
7.8143399346785625            248.43609631445958
7.814339934678563            249.3903135131837
7.849692425572812            250.82283416676415
7.849692425572813            248.45216808445153
7.882653824112553            247.7421798005697
7.882653824112553            251.23609320700362
7.913214089936487            246.9599861724414
7.913214089936487            255.9756257085957
7.941363914091601            245.5052467054174
7.9413639140916015            258.8412064027767
7.967094721868762            256.2326325472195
7.967094721868763            245.77764300301374
7.9903986754146645            245.67687886389817
7.9903986754146645            257.6497239877912
8.011268676119304            260.09232321343
8.011268676119304            247.80268037211653
8.029698366778295            246.2547959805297
8.029698366778295            272.36029540412386
8.045682133529331            282.25352847197917
8.045682133529331            246.5329965874374
8.05921510756222            247.7370756063648
8.05921510756222            255.67193309536285
8.070293166601978            256.91544274611067
8.070293166601978            244.96684902899105
8.078912936164501            245.7221554811996
8.078912936164501            255.08401370979294
8.085071790584484            257.97762509902986
8.085071790584484            245.5028562722343
8.088767853815206            245.70883543694643
8.088767853815206            255.6962788598541
