13.44 7 156.32 4.88 6.96 4.75
14.92 5 140.99 0.67 1.74 0.61
17.01 5 130.56 1.49 2.94 1.49
17.61 5 134.37 1.59 8.70 1.70
17.91 6 129.53 0.45 2.37 0.48
18.21 19 127.69 0.25 1.37 0.22
18.51 29 127.57 0.29 1.89 0.25
18.81 34 123.61 0.56 2.84 0.52
19.12 34 124.85 0.22 1.76 0.21
19.42 30 123.56 0.34 2.15 0.31
19.72 34 123.02 0.27 2.10 0.21
20.03 25 120.76 0.48 2.96 0.41
20.33 37 120.09 0.67 3.81 0.52
20.64 42 122.51 0.47 3.53 0.46
20.95 24 118.78 1.03 4.62 0.84
21.25 61 120.50 0.59 5.49 0.48
21.56 47 120.41 0.52 4.24 0.40
21.87 34 111.82 0.79 5.34 0.68
22.18 29 115.76 0.54 4.48 0.45
22.49 66 117.37 0.49 4.40 0.37
22.80 74 114.13 0.53 5.27 0.41
23.11 59 112.65 0.59 5.27 0.48
23.42 66 108.68 0.40 4.19 0.32
23.73 64 111.34 0.52 5.37 0.47
24.05 74 115.31 0.33 3.51 0.26
24.36 66 119.07 0.45 4.26 0.36
24.68 65 113.86 0.36 3.74 0.32
24.99 59 109.42 0.27 2.74 0.22
25.31 72 109.31 0.29 3.40 0.23
25.63 66 111.34 0.27 2.33 0.19
25.94 76 110.30 0.46 4.94 0.38
26.26 61 110.78 0.44 4.09 0.33
26.58 61 107.43 0.61 5.62 0.50
26.90 71 105.80 0.55 5.76 0.47
27.23 62 104.01 0.33 3.54 0.31
27.55 68 105.27 0.42 4.45 0.35
27.87 65 103.89 0.18 2.04 0.13
28.20 87 106.26 0.33 4.14 0.26
28.52 76 106.34 0.31 3.37 0.22
28.85 89 105.64 0.42 5.54 0.29
29.18 76 100.25 0.15 1.78 0.12
29.51 90 102.46 0.34 3.87 0.26
29.83 75 107.55 0.21 2.31 0.16
30.17 90 109.48 0.25 3.06 0.21
30.50 91 110.05 0.36 3.64 0.27
30.83 78 109.37 0.32 3.01 0.24
31.26 90 110.11 0.19 2.40 0.15
31.50 91 109.93 0.18 2.16 0.14
31.84 81 106.70 0.38 4.23 0.29
32.17 64 99.50  0.13 1.28 0.10
32.51 79 98.92 0.21 2.30 0.16
32.85 89 99.45 0.40 4.43 0.28
33.20 79 97.77 0.77 7.48 0.64 
33.54 82 107.74 0.22 1.66 0.15
33.88 75 102.88 1.80 3.44 1.50
34.23 70 107.55 1.74 2.61 1.56
34.58 78 98.09 0.25  1.94 0.23
34.92 79 85.82 0.54  5.39 0.45
35.27 79 83.60 0.33  3.61 0.27
35.63 85 84.52 0.66  2.39 0.61
35.98 77 85.44 0.28 2.46 0.19
36.33 90 84.33 0.28 3.57 0.27
36.69 94 87.56 0.28 3.12 0.19
37.05 82  85.14 0.22 2.62 0.19
37.41 96 84.62 0.40 4.32 0.30
37.77 108 89.51 0.29 3.05 0.22
38.13 92 85.62 0.87 6.73 0.64
38.50 99 86.12 0.37 4.02 0.27
38.87 105 85.56 0.18 2.49 0.14
39.23 120 83.17 0.18 2.76 0.13
39.61 102 84.80 0.19 2.51 0.17
39.98 121 81.74 0.28 4.13 0.22
40.35 91  78.86 0.25 3.28 0.20
40.73 104 75.00 0.48 5.25 0.33
41.11 101 78.00 0.27 3.38 0.22
41.49 114 74.79 0.21 3.10 0.16
41.87 127 74.20 0.19 2.98 0.13
42.26 128 71.39 0.23 3.27 0.21
42.65 115 70.32 0.20 2.91 0.15
43.04 118 65.44 0.18 2.61 0.13
43.43 111 66.38 0.26 3.69 0.19
43.83 109 66.04 0.27 3.67 0.19
44.23 132 67.07 0.19 2.78 0.14
44.63 145 67.38 0.20 3.38 0.16
45.03 121 68.88 0.16 1.94 0.12
45.44 134 64.84 0.20 3.27 0.16
45.85 151 64.54 0.16 2.69 0.13
46.26 136 62.54 0.23 3.79 0.19
46.68 115 61.05 0.23 3.50 0.19
47.10 100 60.86 0.39 4.76 0.32
47.52 60  55.25 1.71 7.80 1.47
47.94 113 57.80 0.23 2.35 0.20
48.37 114 58.29 0.22 3.15 0.16
48.81 143 61.14 0.42 6.05 0.32
49.24 163 66.63 0.21 3.65 0.16
49.69 163 67.47 0.15 2.56 0.12
50.13 131 47.56 0.24 1.92 0.20
50.58 167 48.07 0.30 2.82 0.24
51.03 171 60.59 0.25 4.25 0.22
51.49 173 59.80 0.21 3.60 0.16
51.95 158 60.93 0.30 4.20 0.22
52.42 185 62.81 0.23 2.34 0.18
52.89 179 62.26 0.15 2.42 0.10
53.37 109 63.61 2.07 1.78 1.54
53.85 100 56.28 0.37 4.13 0.28
54.34 111 39.63 0.38 2.83 0.32
54.84 68  41.16 0.21 2.35 0.15
55.34 36  40.62 0.58 3.84 0.49
55.84 40  41.02 0.81 5.03 0.69
56.36 54  39.79 0.42 3.85 0.36
56.88 29 37.82 0.77 4.64 0.70
57.41 34 38.61 0.39 2.94 0.36
57.94 49 36.12 0.77 5.14 0.61
58.48 36 41.39 0.52 3.56 0.48
59.04 53 27.61 0.23 1.90 0.20
59.60 41 30.45 0.50 3.92 0.40
60.17 28 29.04 0.38 2.43 0.31
60.75 19 32.50 0.64 1.64 0.65
61.34 24 23.05 0.30 1.72 0.25
61.95 22 30.80 0.57 2.69 0.49
62.56 33 26.71 1.20 6.25 1.18
63.19 34 26.87 0.58 4.14 0.47
63.83 18 22.97 0.86 4.07 0.75
64.49 27 23.16 0.27 1.59 0.22
65.16 20 17.75 0.75 3.39 0.62
65.85 31 19.96 0.43 2.59 0.33
66.56 35 18.02 0.49 3.45 0.40
67.29 13 12.43 0.57 2.37 0.55
68.05 5  16.23 2.84 4.99 0.91
68.83 26 14.66 0.69 3.62 0.65
69.64 23  17.85 1.58 5.60 1.39
70.48 56  12.26 0.18 1.97 0.15
71.35 56  11.71 0.15 1.59 0.13
72.27 37  6.03  0.17 1.24 0.13
73.24 46  5.15  0.16 1.56 0.13
74.26 56  6.21  0.29 2.80 0.22
75.35 79  2.60  0.35 3.95 0.27
76.53 113 1.00  0.25 2.53 0.21
77.82 229 2.61  0.32 2.95 0.22
79.27 265 11.25 0.13 2.25 0.10
80.93 294 8.36 0.46 1.99 0.29
82.98 269 8.68 0.21 4.18 0.14
85.95 330 4.08 0.10 2.07 0.09
